2.004981555463623746e-04
-2.008826430121808193e-04
2.012686040319096661e-04
-2.016560470271829106e-04
2.020449806376380065e-04
-2.024354133986820898e-04
2.028273540944844887e-04
-2.032208113892342797e-04
2.036157941999521220e-04
-2.040123113380962520e-04
2.044103718390861632e-04
-2.048099846818737151e-04
2.052111590058641505e-04
-2.056139039761535332e-04
2.060182288248279061e-04
-2.064241429173943642e-04
2.068316555734464525e-04
-2.072407763655257696e-04
2.076515147046654932e-04
-2.080638803672289630e-04
2.084778828702574141e-04
-2.088935321796939833e-04
2.093108379442935288e-04
-2.097298102951220943e-04
2.101504590474045930e-04
-2.105727944656930371e-04
2.109968265717366990e-04
-2.114225657292165478e-04
2.118500222061831808e-04
-2.122792064349846442e-04
2.127101289629304646e-04
-2.131428002706729579e-04
2.135772312040100168e-04
-2.140134322891723529e-04
2.144514146697348530e-04
-2.148911889362963630e-04
2.153327665069008023e-04
-2.157761580791285789e-04
2.162213752984608491e-04
-2.166684290342548390e-04
2.171173310938482898e-04
-2.175680925978962709e-04
2.180207254396739655e-04
-2.184752410759270276e-04
2.189316514115404941e-04
-2.193899683151412957e-04
2.198502036457494649e-04
-2.203123697359070528e-04
2.207764783722030442e-04
-2.212425423655737513e-04
2.217105734472791536e-04
-2.221805848734785234e-04
2.226525883873757094e-04
-2.231265976065138670e-04
2.236026244031588347e-04
-2.240806826264468601e-04
2.245607844345770597e-04
-2.250429437475542579e-04
2.255271731871252286e-04
-2.260134865754723026e-04
2.265018971691021852e-04
-2.269924185458189591e-04
2.274850647304513674e-04
-2.279798489641523488e-04
2.284767861038610414e-04
-2.289758890454590733e-04
2.294771734470390785e-04
-2.299806519542187100e-04
2.304863408869153093e-04
-2.309942528452637602e-04
2.315044045655364785e-04
-2.320168089046313294e-04
2.325314826875195793e-04
-2.330484393932549304e-04
2.335676955676640218e-04
-2.340892656902126298e-04
2.346131656794862147e-04
-2.351394113401937720e-04
2.356680177036798789e-04
-2.361990021026654060e-04
2.367323785765461657e-04
-2.372681660046160380e-04
2.378063775375509922e-04
-2.383470333948924016e-04
2.388901461778104819e-04
-2.394357370034817627e-04
2.399838184879989306e-04
-2.405344120001944974e-04
2.410875309079026194e-04
-2.416431960566968007e-04
2.422014223791281408e-04
-2.427622294075978894e-04
2.433256343995559917e-04
-2.438916549117876018e-04
2.444603110838003759e-04
-2.450316181106184537e-04
2.456055992274851544e-04
-2.461822672869476837e-04
2.467616483771514118e-04
-2.473437535202075680e-04
2.479286109057402899e-04
-2.485162307415554779e-04
2.491066420901516879e-04
-2.496998557908342302e-04
2.502959001928513469e-04
-2.508947884740529081e-04
2.514965465423363777e-04
-2.521011916279551667e-04
2.527087456117468574e-04
-2.533192311906083292e-04
2.539326650944274022e-04
-2.545490762809651244e-04
2.551684759731879539e-04
-2.557908992888630918e-04
2.564163525852268359e-04
-2.570448759733841076e-04
2.576764726827568451e-04
-2.583111855700480981e-04
2.589490174917427720e-04
-2.595900109017365716e-04
2.602341717738822571e-04
-2.608815384904592796e-04
2.615321238945764312e-04
-2.621859586649950011e-04
2.628430659033842215e-04
-2.635034656599703285e-04
2.641671936303870540e-04
-2.648342577027218252e-04
2.655047068009125681e-04
-2.661785370871286218e-04
2.668558091697860045e-04
-2.675365102352191687e-04
2.682207086715607822e-04
-2.689083877509582891e-04
2.695996175821726085e-04
-2.702943844734134174e-04
2.709927526830391157e-04
-2.716947195383506188e-04
2.724003354187902980e-04
-2.731096164590833281e-04
2.738225920373370237e-04
-2.745393032358673735e-04
2.752597537050761357e-04
-2.759840125015802347e-04
2.767120565913988605e-04
-2.774439817059235771e-04
2.781797419228130967e-04
-2.789194533360332944e-04
2.796630560131958538e-04
-2.804106751635537884e-04
2.811622502825672975e-04
-2.819179005034748659e-04
2.826775812833743576e-04
-2.834413884637054836e-04
2.842093107551061661e-04
-2.849814041644523543e-04
2.857577057299698874e-04
-2.865382189066168189e-04
2.873230387074103510e-04
-2.881121102750777881e-04
2.889055879077736242e-04
-2.897033621714831123e-04
2.905056376054993613e-04
-2.913122647850724541e-04
2.921234785251606127e-04
-2.929391145220469920e-04
2.937594082751955431e-04
-2.945842139309218840e-04
2.954137317766658598e-04
-2.962478716644026833e-04
2.970867616437326288e-04
-2.979304025287010877e-04
2.987788184664101837e-04
-2.996321276621722088e-04
3.004902309601915553e-04
-3.013533748749678458e-04
3.022213359621066372e-04
-3.030944791565327650e-04
3.039724782771139949e-04
-3.048557833354055275e-04
3.057440104105314783e-04
-3.066376388385001241e-04
3.075362922488042222e-04
-3.084404064792279840e-04
3.093496907761041732e-04
-3.102644571737426930e-04
3.111845799309904308e-04
-3.121101724850047863e-04
3.130413407006676701e-04
-3.139779449046005877e-04
3.149203615307325974e-04
-3.158681778090464227e-04
3.168220390956474246e-04
-3.177812850814278642e-04
3.187467794064237467e-04
-3.197176904373724921e-04
3.206949991908541911e-04
-3.216778265711774196e-04
3.226671273925959356e-04
-3.236621342937536405e-04
3.246636066019744802e-04
-3.256710618704348613e-04
3.266848942040838713e-04
-3.277050647730296801e-04
3.287314630211371860e-04
-3.297646060517633220e-04
3.308038013115649099e-04
-3.318501574362635320e-04
3.329024120117572228e-04
-3.339622012119140317e-04
3.350278112906627994e-04
-3.361012327345175841e-04
3.371805265971169530e-04
-3.382677633411359662e-04
3.393610945117570823e-04
-3.404623233065704607e-04
3.415700588210685918e-04
-3.426854643351386065e-04
3.438079692834491953e-04
-3.449377612175663242e-04
3.460753815505010424e-04
-3.472198121166054203e-04
3.483728586026835303e-04
-3.495322373218567196e-04
3.507009738010334219e-04
-3.518756764377386961e-04
3.530603154441938076e-04
-3.542507842428386025e-04
3.554514924964801846e-04
-3.566582258520864220e-04
3.578751406210681869e-04
-3.590986718345947617e-04
3.603319278598295268e-04
-3.615727945067162769e-04
3.628225586114608024e-04
-3.640812663097461052e-04
3.653477751945554894e-04
-3.666247610816725298e-04
3.679083562614660899e-04
-3.692039587248835755e-04
3.705051116162784257e-04
-3.718195534313888367e-04
3.731388742064847808e-04
-3.744722646143817729e-04
3.758104893454123577e-04
-3.771628496197545468e-04
3.785208037717913403e-04
-3.798921158553143838e-04
3.812706559869046214e-04
-3.826609306803701715e-04
3.840608700830184163e-04
-3.854702269319187392e-04
3.868922551665610662e-04
-3.883210015024382133e-04
3.897656116637108169e-04
-3.912143077384998020e-04
3.926817457148731286e-04
-3.941512388321684801e-04
3.956414901294058812e-04
-3.971329068819066119e-04
3.986457295141967614e-04
-4.001604186410584419e-04
4.016954268377670987e-04
-4.032348519824303337e-04
4.047916474928733854e-04
-4.063572388646736859e-04
4.079355737778678865e-04
-4.095285561618765757e-04
4.111285097454842920e-04
-4.127497346389450155e-04
4.143718670038095330e-04
-4.160216813602143774e-04
4.176671378200216009e-04
-4.193453175121713444e-04
4.210158532079419673e-04
-4.227216288135250471e-04
4.244195300268763281e-04
-4.261517231816557200e-04
4.278796215905457325e-04
-4.296368843028086095e-04
4.313974647349383884e-04
-4.331786133087844469e-04
4.349742608552394541e-04
-4.367786432903287457e-04
4.386110738681121401e-04
-4.404389292685608913e-04
4.423088625768665768e-04
-4.441616025300113360e-04
4.460685492694414387e-04
-4.479488844112025723e-04
4.498911154394346018e-04
-4.518029936054000057e-04
4.537777306989946267e-04
-4.557260079533626798e-04
4.577298626770086396e-04
-4.597197775696735059e-04
4.617493753084526238e-04
-4.637858398207739372e-04
4.658385943707447820e-04
-4.679253886219978667e-04
4.700003139248940410e-04
-4.721393228876154084e-04
4.742377092749022315e-04
-4.764283310877765387e-04
4.785542134195344991e-04
-4.807931412276509687e-04
4.829532695415894019e-04
-4.852347062852693880e-04
4.874381276204870720e-04
-4.897544688567737319e-04
4.920115811877255390e-04
-4.943546093579718678e-04
4.966757492056443797e-04
-4.990382281707176054e-04
5.014320159401315993e-04
-5.038094014600418870e-04
5.062809165231598948e-04
-5.086730609182479445e-04
5.112225382082212412e-04
-5.136347360650276228e-04
5.162566879692173866e-04
-5.187002193288760016e-04
5.213833917183841211e-04
-5.238750281376033935e-04
5.266034664700248785e-04
-5.291637937198956105e-04
5.319190322442925774e-04
-5.345699492736102768e-04
5.373341622387970383e-04
-5.400950244638569233e-04
5.428547018819036753e-04
-5.457391021308993870e-04
5.484884631267451490e-04
-5.515006484148206583e-04
5.542448854603724108e-04
-5.573771716115903489e-04
5.601342542183433172e-04
-5.633662386607123269e-04
5.661664967638517336e-04
-5.694662106322466964e-04
5.723503039997382587e-04
-5.756786821043729163e-04
5.786915555768268327e-04
-5.820076878478702958e-04
5.851932291641643354e-04
-5.884615454043077383e-04
5.918542162537796967e-04
-5.950529887065022974e-04
5.986696475870422829e-04
-6.017985459587395485e-04
6.056324118499985948e-04
-6.087171635354240735e-04
6.127329586564151569e-04
-6.158272957491626792e-04
6.199659310980664773e-04
-6.231461037152069820e-04
6.273271595263485174e-04
-6.306867292623214143e-04
6.348193341712813666e-04
-6.384550375323982084e-04
6.424537240551548862e-04
-6.464482234646337210e-04
6.502505065257060393e-04
-6.546567486684997956e-04
6.582409232463511551e-04
-6.630605996775813934e-04
6.664556884502434702e-04
-6.716420009074134312e-04
6.749338278192575438e-04
-6.803780880472384829e-04
6.837120552015639712e-04
-6.892530162356800324e-04
6.928182751545879092e-04
-6.982633436748665254e-04
7.022658159538343239e-04
-7.074185671857246248e-04
7.120531987701854588e-04
-7.167616992525781532e-04
7.221598242836092460e-04
-7.263274299174397831e-04
7.325536622251583273e-04
-7.361861994881742453e-04
7.431823598746190376e-04
-7.464161029257232460e-04
7.539924772815756850e-04
-7.570926956352761698e-04
7.649423921111738345e-04
-7.682779614472808830e-04
7.759937769602352937e-04
-7.799949558453884079e-04
7.871878193454665386e-04
-7.922713130738285713e-04
7.985298204844877221e-04
-8.050746482577502382e-04
8.101153398287726844e-04
-8.183251272371311596e-04
8.220742415677769616e-04
-8.319160829203543208e-04
8.345574316421671985e-04
-8.457417407086771253e-04
8.477449056505339435e-04
-8.596609260284137190e-04
8.616761020654376121e-04
-8.736542628546403646e-04
8.765595375766411417e-04
-8.876266738541069290e-04
8.924170920528754717e-04
-9.016482679656925067e-04
9.091847896639826962e-04
-9.158731574269477708e-04
9.267174438924601944e-04
-9.305147511911929237e-04
9.448256714155241383e-04
-9.460133629691218782e-04
9.633008049560090168e-04
-9.623171567484556550e-04
9.818617251420699767e-04
-9.800668379877581007e-04
1.000208977154982840e-03
-9.994729677163397344e-04
1.018259090334337324e-03
-1.020620399258484424e-03
1.036078726370809593e-03
-1.043436526557683756e-03
1.053780459869034600e-03
-1.067537253755772167e-03
1.072258380137590438e-03
-1.093214026725410851e-03
1.091140749636993531e-03
-1.119376672188697333e-03
1.111799101271580218e-03
-1.145416362327526718e-03
1.134874565763148262e-03
-1.170885066131430608e-03
1.160880462851630488e-03
-1.195548798993817559e-03
1.190237526286060761e-03
-1.219060292408808647e-03
1.221605970621529504e-03
-1.242376494967874960e-03
1.257935959917509151e-03
-1.264931083490702154e-03
1.296246765978940462e-03
-1.288855549359018988e-03
1.335560534835939601e-03
-1.315490359871521794e-03
1.374834185100161452e-03
-1.346164756269908631e-03
1.413235056154338440e-03
-1.383185899875600351e-03
1.450598540517432020e-03
-1.421584227946048147e-03
1.483766065173033714e-03
-1.471853915601300470e-03
1.514285892606858416e-03
-1.527933199080100911e-03
1.544296086796461635e-03
-1.588536228813961036e-03
1.575781479237701880e-03
-1.651904352209866570e-03
1.610852678895035315e-03
-1.715373043305663814e-03
1.656729467284204834e-03
-1.787495948920463096e-03
1.701251508598365225e-03
-1.843557746056986163e-03
1.767521784383783382e-03
-1.895096007690966113e-03
1.847187309721302342e-03
-1.942713219083067218e-03
1.939234919511450671e-03
-1.988215507125169323e-03
2.041668087999744599e-03
-2.033068911458028698e-03
2.141662106009921667e-03
-2.086261500953631720e-03
2.293736599201079591e-03
-2.143538083614957360e-03
2.405318122382503910e-03
-2.230432042115748463e-03
2.512647622808378452e-03
-2.342710925535707554e-03
2.614391039193511047e-03
-2.482288477980006732e-03
2.711821253414550305e-03
-2.651464351582261212e-03
2.810865527951244419e-03
-2.794312586493068271e-03
2.855331692364935798e-03
-3.103610215640464388e-03
2.963826858969745293e-03
-3.347906475095774673e-03
3.103474066057711114e-03
-3.599255439772090694e-03
3.286867108676158958e-03
-3.859580570272874971e-03
3.526448889137291307e-03
-4.135789174592620701e-03
3.847909716302212475e-03
-4.522977949413989340e-03
4.112769432709714908e-03
-4.554416815035670398e-03
4.719127095204233430e-03
-4.879191103074902516e-03
5.315865252842834690e-03
-5.273593822544548997e-03
6.000476795411073191e-03
-5.787773072606970312e-03
6.807173236066792546e-03
-6.475054068799493932e-03
7.785921379531299952e-03
-7.412847227176412417e-03
9.631526492704114983e-03
-8.811004290195325120e-03
1.050624687676205912e-02
-1.088925309226375371e-02
1.271790722501038237e-02
-1.401018473037296888e-02
1.635240552491954227e-02
-1.927514212788606837e-02
2.332441568940768137e-02
-3.029989435547369298e-02
4.160260233753027004e-02
-6.973887862217577338e-02
1.998438806089457009e-01
2.866104496343362951e-01
-8.724514291923609471e-03
9.590769728537755501e-02
1.985152992746873346e-02
6.620750385154842987e-02
2.150014494538526194e-02
5.002884460506491771e-02
1.954633142556497227e-02
3.849634414746488931e-02
1.787431402297809738e-02
2.795247639951316948e-02
2.199690600037931820e-02
-1.018064200043694301e-01
-5.152533243622914316e-02
-1.734770760109189194e-02
-4.410497377188207779e-02
-2.149266837950911807e-02
-4.169070506502763063e-02
-2.190287464226223224e-02
-3.948711328518809960e-02
-2.050519729210693864e-02
-3.763366880171097051e-02
-1.725736951320435905e-02
-3.840052199764178165e-02
-1.062457703978016230e-03
2.037906789506713917e-02
2.573935041555040944e-03
6.921269390823756029e-03
1.188115973968578709e-02
1.011679184478389386e-02
1.673397481075982254e-02
1.296083063576089142e-02
1.982106201861450964e-02
1.482391576866280182e-02
2.185535910640171858e-02
1.547111443059633745e-02
2.409479125637133123e-02
1.536126369318609620e-03
6.865069207495153557e-03
3.934602268718204524e-03
4.185401847219611358e-03
-8.438395341960351539e-04
3.965207300897094240e-04
-4.759917004047996107e-03
-3.131238662546960601e-03
-8.019251233416020697e-03
-6.218328643822058563e-03
-1.058197912291081004e-02
-8.987051404826470330e-03
-1.155457184477380606e-02
-3.035174965529932774e-03
-8.916909330114099891e-03
-3.658228570456671831e-03
-6.696863716704597527e-03
-1.856238730336718257e-03
-4.401766824801052642e-03
2.706690964992904580e-04
-2.002004267945064076e-03
2.475224180415393389e-03
4.012519775246740916e-04
4.571681478292856891e-03
2.840786068822391888e-03
5.003062279894640411e-03
1.763714716684935350e-03
5.564420946607875895e-03
2.040119188148655036e-03
5.120059957417830501e-03
1.607739098647995545e-03
4.318167430000194665e-03
7.627874136706090658e-04
3.208926256496218328e-03
-3.748893559960598827e-04
1.885525719901784761e-03
-1.714634558528335814e-03
4.970544646687077286e-04
-2.100563661020747423e-03
4.117913097413022970e-05
-2.842941170572964044e-03
-3.953801514167802362e-04
-3.095365086544525548e-03
-5.487056368293045938e-04
-3.048624647466656457e-03
-4.134583949945419687e-04
-2.727412386286709022e-03
-1.334481015478457687e-05
-2.171698361671383498e-03
6.292794855642907647e-04
-1.574689566875783070e-03
9.389250356867302229e-04
-1.056114146318687125e-03
1.404879186910973181e-03
-6.408846628285051750e-04
1.731226092661227421e-03
-3.464623806388436502e-04
1.910585514440927809e-03
-2.065573247635706447e-04
1.925972011257713699e-03
-2.347540577950503167e-04
1.771878123103059382e-03
-4.290053373937937741e-04
1.582834714314564507e-03
-5.863487880534895341e-04
1.308484966589495892e-03
-8.126507183368958734e-04
1.045317073767745202e-03
-1.028651464869602015e-03
8.113811729380567949e-04
-1.200475154646255763e-03
6.368689546722835701e-04
-1.300899287969934249e-03
5.445198908652340488e-04
-1.308525076577163066e-03
5.354625071658023058e-04
-1.285494989618668135e-03
5.666407548858738447e-04
-1.191842714085280305e-03
6.423540132459064703e-04
-1.070145771180776133e-03
7.418915539583829108e-04
-9.374881441763841493e-04
8.434498308124663713e-04
-8.144524885230091694e-04
9.264093932987308225e-04
-7.204209569950413084e-04
9.721529712658583209e-04
-6.573628850231880757e-04
9.981150347858260691e-04
-6.286180079320908068e-04
9.867977677891354160e-04
-6.294191053552659464e-04
9.483655446261737539e-04
-6.545491962654617114e-04
8.909937142009848911e-04
-6.943004202092546706e-04
8.253748200180920872e-04
-7.372183810058969590e-04
7.636421668375801327e-04
-7.724125115019776994e-04
7.081948382161966371e-04
-7.997928994929237373e-04
6.680897069397558324e-04
-8.119767504834100695e-04
6.435717327107163275e-04
-8.084389579668233537e-04
6.346992750936269849e-04
-7.908615761585868938e-04
6.386877296437854738e-04
-7.631540580874866895e-04
6.506816748457427231e-04
-7.310791333714960691e-04
6.659236970339547663e-04
-6.966112944353718920e-04
6.810087843418653102e-04
-6.655301914417054848e-04
6.921930342323298797e-04
-6.401747104729349058e-04
6.970309887810952629e-04
-6.222232355082620708e-04
6.945915034713954789e-04
-6.118632566245844635e-04
6.854136996930816367e-04
-6.077997952295458549e-04
6.713442899959883112e-04
-6.086425314621694707e-04
6.534360217572014783e-04
-6.121395674652123408e-04
6.343147834100589097e-04
-6.163035322540570292e-04
6.159144581457060095e-04
-6.192316712617428401e-04
5.998338023894165486e-04
-6.196020334124009059e-04
5.870303866208316989e-04
-6.168247711170133166e-04
5.776575207312118149e-04
-6.109767854751724800e-04
5.717191147787410287e-04
-6.023115585297379899e-04
5.683988177247142372e-04
-5.917053686796518988e-04
5.668261807975681979e-04
-5.801539701021981438e-04
5.659717290607388287e-04
-5.686461182883896254e-04
5.649047020571908899e-04
-5.579920907710138539e-04
5.629561101753053839e-04
-5.486790826144999269e-04
5.597013336538704965e-04
-5.410838013201009142e-04
5.549832379446806643e-04
-5.351489848860856028e-04
5.489172915723832110e-04
-5.306474922792234379e-04
5.418318479403461899e-04
-5.271783709001323301e-04
5.341678636881059487e-04
-5.242734646343894618e-04
5.263822674433903939e-04
-5.215020812666716372e-04
5.188625026374114359e-04
-5.184745288424239505e-04
5.119516768637723519e-04
-5.149427765089918761e-04
5.058236970647710020e-04
-5.107797255610856558e-04
5.005266734269335190e-04
-5.059971706094081121e-04
4.959867322364381681e-04
-5.007125763962385180e-04
4.920435352624496573e-04
-4.951063226360510536e-04
4.884996986252896582e-04
-4.893844753844234924e-04
4.851289951129552345e-04
-4.837561160261459473e-04
4.817433652467453635e-04
-4.783876290339275248e-04
4.781966891956217561e-04
-4.733885715202180208e-04
4.744067209918183562e-04
-4.688046405315781555e-04
4.703542932230579524e-04
-4.646229978257014441e-04
4.660713836601978262e-04
-4.607880162763246419e-04
4.616309552061648538e-04
-4.572064405894849665e-04
4.571272757633751231e-04
-4.537777237480140370e-04
4.526584341346922679e-04
-4.504050943159516093e-04
4.483093396503208690e-04
-4.470108769677633999e-04
4.441413908323822474e-04
-4.435442479243410308e-04
4.401878801419385843e-04
-4.399822345946689437e-04
4.364546041559697921e-04
-4.363307229273497294e-04
4.329207898651328220e-04
-4.326160636755488082e-04
4.295490123596107206e-04
-4.288787016131301658e-04
4.262927152160198626e-04
-4.251636222998585570e-04
4.231048362544910491e-04
-4.215126774250299970e-04
4.199446686826472882e-04
-4.179590744896808361e-04
4.167819617761717990e-04
-4.145236791734593636e-04
4.136006607351491813e-04
-4.112134897124517506e-04
4.103975897585502176e-04
-4.080230921336830407e-04
4.071810300413471802e-04
-4.049375172372206809e-04
4.039670532094083184e-04
-4.019360240573844299e-04
4.007755658768832451e-04
-3.989960085323816558e-04
3.976267005739614097e-04
-3.960963326490093278e-04
3.945374123225745553e-04
-3.932204936520976128e-04
3.915194425168710230e-04
-3.903578195480682201e-04
3.885782491367347803e-04
-3.875040175497109201e-04
3.857132238772396481e-04
-3.846605012634322310e-04
3.829187240816692389e-04
-3.818330271181745558e-04
3.801856347730758518e-04
-3.790300296610145110e-04
3.775031668671189255e-04
-3.762606367028203556e-04
3.748607357826909316e-04
-3.735331427169639551e-04
3.722493312485503515e-04
-3.708537377728244222e-04
3.696624789423066980e-04
-3.682258597054339231e-04
3.670966353668772444e-04
-3.656500568221586023e-04
3.645510859408525924e-04
-3.631242818207639248e-04
3.620274796455390069e-04
-3.606445494991302510e-04
3.595290081753123486e-04
-3.582057763768337565e-04
3.570595855284482210e-04
-3.558026326662183571e-04
3.546230165293395116e-04
-3.534302786479068953e-04
3.522223542667787984e-04
-3.510849014208356953e-04
3.498594828877867220e-04
-3.487640102993086032e-04
3.475349366773231442e-04
-3.464664949602831810e-04
3.452479750910523049e-04
-3.441924433641201575e-04
3.429968238111125688e-04
-3.419428375391172972e-04
3.407790403595640366e-04
-3.397191604575606951e-04
3.385919104146568144e-04
-3.375230039471510375e-04
3.364328178889459758e-04
-3.353557313327187395e-04
3.342995401522536872e-04
-3.332182295438012101e-04
3.321904350856726791e-04
-3.311107878885700528e-04
3.301045055241552608e-04
-3.290330814841382358e-04
3.280413611849922867e-04
-3.269842565680908817e-04
3.260010974718577587e-04
-3.249630790775344500e-04
3.239841253483427422e-04
-3.229681156770708699e-04
3.219909855693812322e-04
-3.209979161210938653e-04
3.200221757743947613e-04
-3.190511665221776576e-04
3.180780196464843765e-04
-3.171267970503785375e-04
3.161585839640899519e-04
-3.152240353203739206e-04
3.142636517419313208e-04
-3.133424078262147302e-04
3.123927433939631274e-04
-3.114816979666094844e-04
3.105451747793433579e-04
-3.096418742523603237e-04
3.087201378464434192e-04
-3.078230043282675996e-04
3.069167861042750587e-04
-3.060251715648500256e-04
3.051343127265866879e-04
-3.042484046841813661e-04
3.033720097806099107e-04
-3.024926294787725093e-04
3.016293037215680051e-04
-3.007576455382114482e-04
2.999057657954543347e-04
-2.990431271015359777e-04
2.982010999680667022e-04
-2.973486440008632839e-04
2.965151142336457254e-04
-2.956736952743719703e-04
2.948476826453946299e-04
-2.940177488372457256e-04
2.931987051881741789e-04
-2.923802797084190403e-04
2.915680718893013941e-04
-2.907608015529923704e-04
2.899556357343048779e-04
-2.891588879277831917e-04
2.883611968834829862e-04
-2.875741817170366765e-04
2.867844986440590922e-04
-2.860063935347320900e-04
2.852252334732989698e-04
-2.844552911744676477e-04
2.836830565321048041e-04
-2.829206832947519243e-04
2.821576032792717553e-04
-2.814024007255096736e-04
2.806485078001776535e-04
-2.799002785921459076e-04
2.791554189708753066e-04
-2.784141417850167729e-04
2.776780123439340957e-04
-2.769437953535180529e-04
2.762159967829646645e-04
-2.754890203233111403e-04
2.747691156970609385e-04
-2.740495746278496484e-04
2.733371436652348892e-04
-2.726251980744203362e-04
2.719198797229743954e-04
-2.712156198819509973e-04
2.705171388855202841e-04
-2.698205671912436133e-04
2.691287434809701371e-04
-2.684397730649104629e-04
2.677545156004009007e-04
-2.670729828811921054e-04
2.663942715783857405e-04
-2.657199584064167102e-04
2.650478189554634741e-04
-2.643804793449740188e-04
2.637149559257668911e-04
-2.630543425548915494e-04
2.623954728995388751e-04
-2.617413594419321782e-04
2.610891555584911577e-04
-2.604413522336104249e-04
2.597957886635179035e-04
-2.591541498679978328e-04
2.585151599063115679e-04
-2.578795841702249177e-04
2.572470632001877576e-04
-2.566174868201947243e-04
2.559913010067403757e-04
-2.553676874158513970e-04
2.547476855047498532e-04
-2.541300127148364346e-04
2.535160386167988490e-04
-2.529042869480308507e-04
2.522961910816418811e-04
-2.516903329553587566e-04
2.510879808635719948e-04
-2.504879738191863976e-04
2.498912512444741423e-04
-2.492970346503889986e-04
2.487058489269863230e-04
-2.481173442222678327e-04
2.475316224198794162e-04
-2.469487362229847924e-04
2.463684208878846134e-04
-2.457910499956532119e-04
2.452160935446226009e-04
-2.446441307366921131e-04
2.440744895731511107e-04
-2.435078292055652799e-04
2.429434584854852763e-04
-2.423820010680893811e-04
2.418228507769096323e-04
-2.412665060259241696e-04
2.407125187193373084e-04
-2.401612068888170522e-04
2.396123171390355145e-04
-2.390659687341566695e-04
2.385221040562020137e-04
-2.379806582504155957e-04
2.374417411088088081e-04
-2.369051433250745015e-04
2.363710937229808234e-04
-2.358392928863403193e-04
2.353100310450678787e-04
-2.347829769700737995e-04
2.342584256766081852e-04
-2.337360669524346849e-04
2.332161532794000617e-04
-2.326984358803171784e-04
2.321830921268391260e-04
-2.316699588210764573e-04
2.311591226683192555e-04
-2.306505131723876362e-04
2.301441271644196710e-04
-2.296399788830197960e-04
2.291379894269455651e-04
-2.286382385626128629e-04
2.281405946778278086e-04
-2.276451774744395564e-04
2.271518295203931652e-04
-2.266606834287798787e-04
2.261715820012407665e-04
-2.256846466024311332e-04
2.251997417311606326e-04
-2.247169593185680187e-04
2.242362000303231150e-04
-2.237575158213414160e-04
2.232808500656080096e-04
-2.228062120731053952e-04
2.223335869563799983e-04
-2.218629455962559983e-04
2.213943078307092482e-04
-2.209276153679405716e-04
2.204629118285839290e-04
-2.200001217708394321e-04
2.195393000547528404e-04
-2.190803665905199807e-04
2.186233754923752408e-04
-2.181682530474097700e-04
2.177150428916172853e-04
-2.172636858466577697e-04
2.168142086497447678e-04
-2.163665712311157216e-04
2.159207806972961228e-04
-2.154768170237260534e-04
2.150346684013731101e-04
-2.145943326501574728e-04
2.141557824929053494e-04
-2.137190291374789605e-04
2.132840350200597142e-04
-2.128508190881923424e-04
2.124193393260952580e-04
-2.119896166349199301e-04
2.115616100455611345e-04
-2.111353373797365514e-04
2.107107631131446899e-04
-2.102878983272507497e-04
2.098667157761890381e-04
-2.094472178184566061e-04
2.090293866057870505e-04
-2.086132154699393794e-04
2.081986954999086835e-04
-2.077858121245038396e-04
2.073745636763543688e-04
-2.069649298131799207e-04
2.065569136546574567e-04
-2.061504917298011340e-04
2.057456692276133378e-04
-2.053424222156998618e-04
2.049407554254451523e-04
-2.045406467512221745e-04
2.041420984753266731e-04
-2.037450919516231498e-04
2.033496257601175722e-04
-2.029556855626833342e-04
2.025632657793573763e-04
-2.021723564545398503e-04
2.017829481141839650e-04
-2.013950346109352849e-04
2.010086033983306199e-04
-2.006236511139173197e-04
2.002401632949721288e-04
-1.998581381233730599e-04
1.994775604787058334e-04
-1.990984288529692330e-04
1.987207286219713732e-04
-1.983444575434442506e-04
1.979696023840068944e-04
-1.975961594348745061e-04
1.972241174008333795e-04
-1.968534707401090641e-04
1.964842102741031133e-04
-1.961163286190852084e-04
1.957498185602908375e-04
-1.953846711566215965e-04
1.950208807553409872e-04
-1.946584373430115832e-04
1.942973362798301675e-04
-1.939375670564575456e-04
1.935791254597644690e-04
-1.932220010497795134e-04
1.928661895081542114e-04
-1.925116809358922267e-04
1.921584705040680784e-04
-1.918065491781294446e-04
1.914559113751996080e-04
-1.911065490769433325e-04
1.907584558758211070e-04
-1.904116247585928181e-04
1.900660485716375628e-04
-1.897217211618935570e-04
1.893786348220057557e-04
-1.890367840253614085e-04
1.886961607661921312e-04
-1.883567598724921691e-04
1.880185733091319132e-04
-1.876815959961953292e-04
1.873458201096193780e-04
-1.870112404446875730e-04
1.866778495683468807e-04
-1.863456420053171867e-04
1.860146108167661698e-04
-1.856847501901629535e-04
1.853560537054878840e-04
-1.850285152218219978e-04
1.847021287932074573e-04
-1.843768880198166276e-04
1.840527873349113574e-04
-1.837298201880760006e-04
1.834079812695993091e-04
-1.830872640029954264e-04
1.827676632085306488e-04
-1.824491724022530377e-04
1.821317864226348936e-04
-1.818154989741695930e-04
1.815003048304561451e-04
-1.811861979471237087e-04
1.808731729860447741e-04
-1.805612241795468960e-04
1.802503460673958945e-04
-1.799405331497247961e-04
1.796317798651786218e-04
-1.793240809455610648e-04
1.790174307719556875e-04
-1.787118242544171245e-04
1.784072557719638854e-04
-1.781037203529781533e-04
1.778012124311607162e-04
-1.774997270969452226e-04
1.771992588878186351e-04
-1.768998029110003286e-04
1.766013538431393851e-04
-1.763039067788128942e-04
1.760074565523105485e-04
-1.757119982333353733e-04
1.754175268155744045e-04
-1.751240373473838922e-04
1.748315249692685162e-04
-1.745399847243698935e-04
1.742494118772932492e-04
-1.739598014894616651e-04
1.736711489221389956e-04
-1.733834492811314938e-04
1.730966979964559060e-04
-1.728108902426079511e-04
1.725260214944177039e-04
-1.722420870139171442e-04
1.719590823034220645e-04
-1.716770027239561684e-04
1.713958437957662179e-04
-1.711156009824548862e-04
1.708362698206425021e-04
-1.705578458726504610e-04
1.702803246962861098e-04
-1.700037019433960463e-04
1.697279732023044391e-04
-1.694531342018113038e-04
1.691791805722678732e-04
-1.689061081058806100e-04
1.686339124864665506e-04
-1.683625895571602238e-04
1.680921350648140991e-04
-1.678225448936260223e-04
1.675538148598934010e-04
-1.672859408826042312e-04
1.670189188502067021e-04
-1.667527447138541607e-04
1.664874144333694517e-04
-1.662229239928043564e-04
1.659592694197257611e-04
-1.656964467341167746e-04
1.654344520255740373e-04
-1.651732813549632657e-04
1.649129308671803712e-04
-1.646533966689161762e-04
1.643946749540622573e-04
-1.641367618797397729e-04
1.638796536832405333e-04
-1.636233465753508039e-04
1.633678368328754385e-04
-1.631131207218586114e-04
1.628591945562810322e-04
-1.626060546576042157e-04
1.623536973764092060e-04
-1.621021190878209990e-04
1.618513161798056099e-04
-1.616012850786704004e-04
1.613520222111782323e-04
-1.611035240515579865e-04
1.608557870676399890e-04
-1.606088077781786744e-04
1.603625826939794326e-04
-1.601171083750602131e-04
1.598723813766538937e-04
-1.596283982976577783e-04
1.593851557386899897e-04
-1.591426503360017953e-04
1.589008787354453164e-04
-1.586598376095387083e-04
1.584195236487043429e-04
-1.581799335615485596e-04
1.579410640817220364e-04
-1.577029119544852507e-04
1.574654739551060350e-04
-1.572287468659410337e-04
1.569927275016950118e-04
-1.567574126826780595e-04
1.565227992615706950e-04
-1.562888840971645148e-04
1.560556640784007722e-04
-1.558231361025328647e-04
1.555912970937745033e-04
-1.553601439880402443e-04
1.551296737437865081e-04
-1.548998833349157474e-04
1.546707697538834720e-04
-1.544423300119674835e-04
1.542145611352938950e-04
-1.539874601714337694e-04
1.537610241803101865e-04
-1.535352502446696852e-04
1.533101354583298634e-04
-1.530856769383315773e-04
1.528618718122624225e-04
-1.526387172302523195e-04
1.524162103538056080e-04
-1.521943483654646491e-04
1.519731284602131598e-04
-1.517525478522272408e-04
1.515326037699065874e-04
-1.513132934585720106e-04
1.510946141792987823e-04
-1.508765632082435890e-04
1.506591378385575527e-04
-1.504423353769986679e-04
1.502261531481982192e-04
-1.500105884893392994e-04
1.497956387556847232e-04
-1.495813013146640594e-04
1.493675735516235346e-04
-1.491544528639508500e-04
1.489419366664136300e-04
-1.487300223862282546e-04
1.485187074668958200e-04
-1.483079893652281998e-04
1.480978655530794884e-04
-1.478883335162180517e-04
1.476793907545662706e-04
-1.474710347825016789e-04
1.472632631276389701e-04
-1.470560733323981605e-04
1.468494629518692801e-04
-1.466434295560604386e-04
1.464379707272345915e-04
-1.462330840624017953e-04
1.460287671707673478e-04
-1.458250176759807223e-04
1.456218332137889466e-04
-1.454192114340290692e-04
1.452171499988106295e-04
-1.450156465837511332e-04
1.448146988768694886e-04
-1.446143045789959167e-04
1.444144614039587313e-04
-1.442151670777011758e-04
1.440164193390931920e-04
-1.438182159389896281e-04
1.436205546409625089e-04
-1.434234332204671484e-04
1.432268494655823893e-04
-1.430308011757065517e-04
1.428352861629728586e-04
-1.426403022509505352e-04
1.424458472753816049e-04
-1.422519190833523698e-04
1.420585155339808758e-04
-1.418656344977683428e-04
1.416732738567398403e-04
-1.414814315043949557e-04
1.412901053456155020e-04
-1.410992932965124012e-04
1.409089932843007843e-04
-1.407192032476357413e-04
1.405299211357829612e-04
-1.403411449093576696e-04
1.401528725396283543e-04
-1.399651020089564093e-04
1.397778313101201615e-04
-1.395910584468967896e-04
1.394047814334914101e-04
-1.392189982947839499e-04
1.390337070659496219e-04
-1.388489057927924522e-04
1.386645925312766339e-04
-1.384807653477198404e-04
1.382974223186583774e-04
-1.381145615306786172e-04
1.379321810805292131e-04
-1.377502790748590480e-04
1.375688536303793495e-04
-1.373879028735472928e-04
1.372074249407337809e-04
-1.370274179779440459e-04
1.368478801409831521e-04
-1.366688095951513083e-04
1.364902045153998573e-04
-1.363120630860808796e-04
1.361343835010750750e-04
-1.359571639635349688e-04
1.357804026860027114e-04
-1.356040978901995250e-04
1.354282478071007587e-04
-1.352528506767446343e-04
1.350779047482732296e-04
-1.349034082798640380e-04
1.347293595385955548e-04
-1.345557568004544867e-04
1.343825983503380288e-04
-1.342098824818157470e-04
1.340376074972358836e-04
-1.338657717076251771e-04
1.336943734326092280e-04
-1.335234110003939852e-04
1.333528827476753787e-04
-1.331827870195828318e-04
1.330131221696902936e-04
-1.328438865598517379e-04
1.326750785603167664e-04
-1.325066965494865008e-04
1.323387389139682533e-04
-1.321712040485134294e-04
1.320040903559474609e-04
-1.318373962471788862e-04
1.316711201410231406e-04
-1.315052604642811878e-04
1.313398156516240524e-04
-1.311747841455608360e-04
1.310101643963588114e-04
-1.308459548620934858e-04
1.306821540084422500e-04
-1.305187603087959967e-04
1.303557722440426602e-04
-1.301931883027565714e-04
1.300310069808821968e-04
-1.298692267819394591e-04
1.297078462167543667e-04
-1.295468638035321440e-04
1.293862780677989546e-04
-1.292260875423582086e-04
1.290662907672635116e-04
-1.289068862897825877e-04
1.287478726642318305e-04
-1.285892484520440384e-04
1.284310122216917075e-04
-1.282731625486938348e-04
1.281156980154816668e-04
-1.279586172115334663e-04
1.278019187330519616e-04
-1.276456011832225498e-04
1.274896631718304917e-04
-1.273341033155984243e-04
1.271789202378840577e-04
-1.270241125687330034e-04
1.268696789448568187e-04
-1.267156180095055590e-04
1.265619284125176782e-04
-1.264086088102149693e-04
1.262556578654291006e-04
-1.261030742473539200e-04
1.259508566316664790e-04
-1.257990037003411466e-04
1.256475141417465365e-04
-1.254963866504423280e-04
1.253456199273365293e-04
-1.251952126794122859e-04
1.250451636199235788e-04
-1.248954714682411595e-04
1.247461349498340643e-04
-1.245971527961883265e-04
1.244485237449014913e-04
-1.243002465394516540e-04
1.241523199293842407e-04
-1.240047426700300074e-04
1.238575135227585537e-04
-1.237106312545940270e-04
1.235640946385947563e-04
-1.234179024533992421e-04
1.232720534835412803e-04
-1.231265465192226045e-04
1.229813803562945090e-04
-1.228365537962425346e-04
1.226920656462599229e-04
-1.225479147189609806e-04
1.224040998326593130e-04
-1.222606198111094583e-04
1.221174734836162840e-04
-1.219746596848918989e-04
1.218321772548979561e-04
-1.216900250393160342e-04
1.215482018889180410e-04
-1.214067066599065715e-04
1.212655382137786377e-04
-1.211246954172375359e-04
1.209841771423479694e-04
-1.208439822662105980e-04
1.207041096712970293e-04
-1.205645582450462787e-04
1.204253268799401213e-04
-1.202864144738157489e-04
1.201478199295035517e-04
-1.200095421547216115e-04
1.198715800622971638e-04
-1.197339325698132834e-04
1.195965986001841486e-04
-1.194595770808371460e-04
1.193228669443116617e-04
-1.191864671279049815e-04
1.190503765738389454e-04
-1.189145942292112678e-04
1.187791190456683382e-04
-1.186439499795891294e-04
1.185090859922973349e-04
-1.183745260498150385e-04
1.182402691226047822e-04
-1.181063141860240777e-04
1.179726602197762712e-04
-1.178393062082890388e-04
1.177062511405596839e-04
-1.175734940102650351e-04
1.174410338152833398e-04
-1.173088695582441852e-04
1.171770002460075665e-04
-1.170454248902288237e-04
1.169141425064285723e-04
-1.167831521151496557e-04
1.166524527408253193e-04
-1.165220434124712430e-04
1.163919231632548016e-04
-1.162620910308273319e-04
1.161325460568244917e-04
-1.160032872874756899e-04
1.158743137729748018e-04
-1.157456245679059086e-04
1.156172187306757576e-04
-1.154890953241400389e-04
1.153612534158053035e-04
-1.152336920756408950e-04
1.151064103794369404e-04
-1.149794074061475258e-04
1.148526822392001423e-04
-1.147262339655685706e-04
1.146000616766830417e-04
-1.144741644675952523e-04
1.143485414375064934e-04
-1.142231916894406409e-04
1.140981143304540033e-04
-1.139733084713907255e-04
1.138487732268624465e-04
-1.137245077157929079e-04
1.136005110600861738e-04
-1.134767823863166314e-04
1.133533208242601268e-04
-1.132301255078285073e-04
1.131071955742884126e-04
-1.129845301651063159e-04
1.128621284249249417e-04
-1.127399895025680101e-04
1.126181125500885912e-04
-1.124964967236246228e-04
1.123751411824181130e-04
-1.122540450897676533e-04
1.121332076123930622e-04
-1.120126279204654177e-04
1.118923051878302401e-04
-1.117722385918613827e-04
1.116524273133839037e-04
-1.115328705366209680e-04
1.114135674495865720e-04
-1.112945172433188229e-04
1.111757191126971022e-04
-1.110571722556419783e-04
1.109388758738392506e-04
-1.108208291720123411e-04
1.107030313585297463e-04
-1.105854816449486144e-04
1.104681792462418728e-04
-1.103511233804853000e-04
1.102343132693887440e-04
-1.101177481375868641e-04
1.100014272132019137e-04
-1.098853497275206341e-04
1.097695149149798888e-04
-1.096539220133551252e-04
1.095385702635012364e-04
-1.094234589095110583e-04
1.093085871986336477e-04
-1.091939543811923168e-04
1.090795597107204428e-04
-1.089654024438372861e-04
1.088514818402199912e-04
-1.087377971626781522e-04
1.086243476769661648e-04
-1.085111326520549408e-04
1.083981513597719396e-04
-1.082854030750130751e-04
1.081728870757396398e-04
-1.080606026427655163e-04
1.079485490599696402e-04
-1.078367256140836322e-04
1.077251315949220010e-04
-1.076137662950181500e-04
1.075026290100431230e-04
-1.073917190383398714e-04
1.072810356814042068e-04
-1.071705782431877941e-04
1.070603460309721812e-04
-1.069503383544803497e-04
1.068405545264681063e-04
-1.067309938623900266e-04
1.066216556805014650e-04
-1.065125393019028446e-04
1.064036440503186962e-04
-1.062949692522926391e-04
1.061865142371054967e-04
-1.060782783366690982e-04
1.059702608856998875e-04
-1.058624612215915421e-04
1.057548786843682718e-04
-1.056475126167930349e-04
1.055403623641695772e-04
-1.054334272746010001e-04
1.053267066987113919e-04
-1.052201999897746040e-04
1.051139065036754499e-04
-1.050078255989026984e-04
1.049019566363880971e-04
-1.047962989797766907e-04
1.046908519951076863e-04
-1.045856150511226918e-04
1.044805875188439348e-04
-1.043757687720465132e-04
1.042711581867682006e-04
-1.041667551417256718e-04
1.040625590178899829e-04
-1.039585691989757909e-04
1.038547850708456928e-04
-1.037512060220567041e-04
1.036478314434058427e-04
-1.035446607282674512e-04
1.034416932722877637e-04
-1.033389284735460587e-04
1.032363657325170920e-04
-1.031340044520235265e-04
1.030318440371806794e-04
-1.029298838955518605e-04
1.028281234369140228e-04
-1.027265620734398396e-04
1.026251992194860150e-04
-1.025240342918725333e-04
1.024230667095315264e-04
-1.023222958937973660e-04
1.022217212681790488e-04
-1.021213422584892842e-04
1.020211582927950411e-04
-1.019211688012934612e-04
1.018213732165883711e-04
-1.017217709732848177e-04
1.016223615083567755e-04
-1.015231442607527002e-04
1.014241186718700704e-04
-1.013252841849963053e-04
1.012266402458231510e-04
-1.011281863018983584e-04
1.010299218032129282e-04
-1.009318462015302604e-04
1.008339589510733763e-04
-1.007362595078972463e-04
1.006387473303671672e-04
-1.005414218787173701e-04
1.004442826154059744e-04
-1.003473290049543498e-04
1.002505605138363516e-04
-1.001539766106363969e-04
1.000575767659837628e-04
-9.996136045249866004e-05
9.986532714479194888e-05
-9.976947631954489559e-05
9.967380745538898868e-05
-9.957832003292904589e-05
9.948301353472771016e-05
-9.938788744538843171e-05
9.929294125134418419e-05
-9.919817444111738857e-05
9.910358650504106986e-05
-9.900917693561142618e-05
9.891494522679388510e-05
-9.882089087502172163e-05
9.872701337810055322e-05
-9.863331223621007483e-05
9.853978695108258604e-05
-9.844643702638578215e-05
9.835326196781809627e-05
-9.826026128267539785e-05
9.816743448029065027e-05
-9.807478107181789710e-05
9.798230057014243590e-05
-9.788999249002328248e-05
9.779785634807021280e-05
-9.770589166263829732e-05
9.761409795404777713e-05
-9.752247474400050568e-05
9.743102155654564771e-05
-9.733973791706608569e-05
9.724862335283148492e-05
-9.715767739290753226e-05
9.706689956817701032e-05
-9.697628941113665860e-05
9.688584645593217967e-05
-9.679557023865975585e-05
9.670546029707092930e-05
-9.661551617046492725e-05
9.652573739977874561e-05
-9.643612352836236710e-05
9.634667410026744299e-05
-9.625738866163814828e-05
9.616826676044824915e-05
-9.607930794606003595e-05
9.599051176972773179e-05
-9.590187778431017904e-05
9.581340554400115752e-05
-9.572509460505041964e-05
9.563694452509579474e-05
-9.554895486353791648e-05
9.546112518108023650e-05
-9.537345504020817402e-05
9.528594400528181516e-05
-9.519859164178355788e-05
9.511139751698139983e-05
-9.502436119979468698e-05
9.493748226058150159e-05
-9.485076027115843533e-05
9.476419480534563127e-05
-9.467778543788203964e-05
9.459153174559219548e-05
-9.450543330648639867e-05
9.441948970018653430e-05
-9.433370050793817507e-05
9.424806531247603182e-05
-9.416258369758807715e-05
9.407725524940289995e-05
-9.399207955489875127e-05
9.390705620258983069e-05
-9.382218478280708119e-05
9.373746488694518358e-05
-9.365289610817987827e-05
9.356847804095965056e-05
-9.348421028116500001e-05
9.340009242631458789e-05
-9.331612407507302296e-05
9.323230482788654274e-05
-9.314863428643824260e-05
9.306511205359232065e-05
-9.298173773416968887e-05
9.289851093380079234e-05
-9.281543126003421952e-05
9.273249832143163739e-05
-9.264971172818623390e-05
9.256707109166938596e-05
-9.248457602481378935e-05
9.240222614181022097e-05
-9.232002105821044313e-05
9.223796039093074082e-05
-9.215604375830796133e-05
9.207427077995604728e-05
-9.199264107681265725e-05
9.191115427123277312e-05
-9.182980998680807198e-05
9.174860784846396221e-05
-9.166754748251052746e-05
9.158662851646203406e-05
-9.150585057920202793e-05
9.142521330094705446e-05
-9.134471631310863956e-05
9.126435924847592352e-05
-9.118414174101611362e-05
9.110406342609244940e-05
-9.102412394019845118e-05
9.094432292124993633e-05
-9.086466000834255102e-05
9.078513484176978156e-05
-9.070574706313666005e-05
9.062649631535531919e-05
-9.054738224240232070e-05
9.046840448967064159e-05
-9.038956270363267698e-05
9.031085653207964554e-05
-9.023228562393633995e-05
9.015384962945983407e-05
-9.007554819997477499e-05
8.999738098807463804e-05
-8.991934764751872760e-05
8.984144783330156605e-05
-8.976368120157552234e-05
8.968604740968360916e-05
-8.960854611612595398e-05
8.953117698056074769e-05
-8.945393966383876293e-05
8.937683382798393330e-05
-8.929985913612476401e-05
8.922301525262027553e-05
-8.914630184288855057e-05
8.906971857352535935e-05
-8.899326511219603751e-05
8.891694112780014936e-05
-8.884074629032940316e-05
8.876468027087599947e-05
-8.868874274168730206e-05
8.861293337603836284e-05
-8.853725184838193477e-05
8.846169783420715967e-05
-8.838627101023776038e-05
8.831097105413469829e-05
-8.823579764478398839e-05
8.816075046202850830e-05
-8.808582918684210758e-05
8.801103350127812168e-05
-8.793636308845409824e-05
8.786181763251993512e-05
-8.778739681880397662e-05
8.771310033354423976e-05
-8.763892786410780260e-05
8.756487909889509630e-05
-8.749095372732963228e-05
8.741715143992730987e-05
-8.734347192814588838e-05
8.726991488460631341e-05
-8.719648000285957275e-05
8.712316697745005442e-05
-8.704997550404116506e-05
8.697690527921406135e-05
-8.690395600063392594e-05
8.683112736691282947e-05
-8.675841907770061377e-05
8.668583083364077844e-05
-8.661336233631701607e-05
8.654101328837790908e-05
-8.646878339342128602e-05
8.639667235601762672e-05
-8.632467988170656581e-05
8.625280567702208682e-05
-8.618104944944210682e-05
8.610941090742956763e-05
-8.603788976039463787e-05
8.596648571872531454e-05
-8.589519849371634003e-05
8.582402779765248237e-05
-8.575297334374468931e-05
8.568203484615255841e-05
-8.561121201997083869e-05
8.554050458120705542e-05
-8.546991224682724993e-05
8.539943473470187787e-05
-8.532907176364047663e-05
8.525882305334077556e-05
-8.518868832448180182e-05
8.511866729852003688e-05
-8.504875969797674360e-05
8.497896524612777599e-05
-8.490928366728183970e-05
8.483971468656808330e-05
-8.477025803002780817e-05
8.470091342456913534e-05
-8.463168059797319899e-05
8.456255927894677088e-05
-8.449354919707875678e-05
8.442465008279869862e-05
-8.435586166739095042e-05
8.428718368304457869e-05
-8.421861586281181042e-05
8.415015794056679270e-05
-8.408180965110070436e-05
8.401357072999459264e-05
-8.394544091369976675e-05
8.387741993951856683e-05
-8.380950754561363391e-05
8.374170347097982905e-05
-8.367400745539998433e-05
8.360641923955630466e-05
-8.353893856493762780e-05
8.347156517380638330e-05
-8.340429880930935735e-05
8.333713921545037083e-05
-8.327008613694299047e-05
8.320313931942032197e-05
-8.313629850917889433e-05
8.306956345349295653e-05
-8.300293390033384533e-05
8.293640959849697247e-05
-8.286999029759328653e-05
8.280367574799061766e-05
-8.273746570084018629e-05
8.267135990816938370e-05
-8.260535812263117229e-05
8.253946009790366829e-05
-8.247366558828214287e-05
8.240797434869780603e-05
-8.234238613508792603e-05
8.227690070418885527e-05
-8.221151781328197455e-05
8.214623722048691561e-05
-8.208105868477028890e-05
8.201598196580106462e-05
-8.195100682410606080e-05
8.188613302069434863e-05
-8.182136031762359896e-05
8.175668847743219078e-05
-8.169211726361628729e-05
8.162764644032539192e-05
-8.156327577242729202e-05
8.149900502552650389e-05
-8.143483396604018045e-05
8.137076236096506200e-05
-8.130678997812654457e-05
8.124291658605112352e-05
-8.117914195401328527e-05
8.111546585203640181e-05
-8.105188805066683715e-05
8.098840832138483282e-05
-8.092502643625748191e-05
8.086174216804522478e-05
-8.079855529034622415e-05
8.073546557731887713e-05
-8.067247280383246506e-05
8.060957674549719951e-05
-8.054677717863119475e-05
8.048407388020964578e-05
-8.042146662783392855e-05
8.035895519992396457e-05
-8.029653937551464835e-05
8.023421893420883372e-05
-8.017199365652520008e-05
8.010986332350188165e-05
-8.004782771682528424e-05
7.998588661892801579e-05
-7.992403981277846985e-05
7.986228708218536443e-05
-7.980062821156836544e-05
7.973906298597874080e-05
-7.967759119105835043e-05
7.961621261322421816e-05
-7.955492703932333528e-05
7.949373425713124450e-05
-7.943263405502085680e-05
7.937162622194904804e-05
-7.931071054728429783e-05
7.924988682142837114e-05
-7.918915483525781863e-05
7.912851438015303324e-05
-7.906796524826852828e-05
7.900750723247125984e-05
-7.894714012602708911e-05
7.888686372295008521e-05
-7.882667781786725737e-05
7.876658220601080295e-05
-7.870657668329709153e-05
7.864666104623973901e-05
-7.858683509194894353e-05
7.852709861804854402e-05
-7.846745142280657167e-05
7.840789330515370850e-05
-7.834842406468400561e-05
7.828904350142167133e-05
-7.822975141618144644e-05
7.817054761034284620e-05
-7.811143188568166174e-05
7.805240404461290271e-05
-7.799346389039514224e-05
7.793461122661794684e-05
-7.787584585763170834e-05
7.781716758824413506e-05
-7.775857622389513359e-05
7.770007157057729613e-05
-7.764165343488161318e-05
7.758332162395010741e-05
-7.752507594552256285e-05
7.746691620786362576e-05
-7.740884221993134392e-05
7.735085379116719731e-05
-7.729295073152535800e-05
7.723513285160467823e-05
-7.717739996243453337e-05
7.711975187577708394e-05
-7.706218840387038744e-05
7.700470935945080068e-05
-7.694731455595889692e-05
7.689000380728130371e-05
-7.683277692781346471e-05
7.677563373251454092e-05
-7.671857403690106813e-05
7.666159765711560048e-05
-7.660470440974203015e-05
7.654789411197301528e-05
-7.649116658149762954e-05
7.643452163642934396e-05
-7.637795909562021524e-05
7.632147877828382725e-05
-7.626508050427668222e-05
7.620876409392905162e-05
-7.615252936809150199e-05
7.609637614818226103e-05
-7.604030425607765894e-05
7.598431351416452253e-05
-7.592840374544749767e-05
7.587257477330111935e-05
-7.581682642175629854e-05
7.576115851525988684e-05
-7.570557087880312730e-05
7.565006333792042117e-05
-7.559463571854060243e-05
7.553928784718178251e-05
-7.548401955087069917e-05
7.542883065708396633e-05
-7.537372099385925895e-05
7.531869038969819569e-05
-7.526373867355220354e-05
7.520886567495348955e-05
-7.515407122380630468e-05
7.509935515066290047e-05
-7.504471728641632028e-05
7.499015746252970811e-05
-7.493567551093986874e-05
7.488127126401297815e-05
-7.482694455465915655e-05
7.477269521624918807e-05
-7.471852308261237952e-05
7.466442798809169203e-05
-7.461040976741964057e-05
7.455646825591048235e-05
-7.450260328930318366e-05
7.444881470378510971e-05
-7.439510233600739320e-05
7.434146602313623060e-05
-7.428790560273210207e-05
7.423442091287342471e-05
-7.418101179207221515e-05
7.412767807937506947e-05
-7.407441961413188929e-05
7.402123623624897526e-05
-7.396812778610523174e-05
7.391509410445594387e-05
-7.386213503258218065e-05
7.380925041219931534e-05
-7.375644008542517707e-05
7.370370389481943445e-05
-7.365104168345417714e-05
7.359845329482724745e-05
-7.354593857286621122e-05
7.349349736182687648e-05
-7.344112950661660258e-05
7.338883485243564606e-05
-7.333661324493071084e-05
7.328446453023553799e-05
-7.323238855487697319e-05
7.318038516582872958e-05
-7.312845421043266117e-05
7.307659553654649890e-05
-7.302480899242904723e-05
7.297309442674265061e-05
-7.292145168858145063e-05
7.286988062748184843e-05
-7.281838109334494370e-05
7.276695293649878139e-05
-7.271559600775443204e-05
7.266431015840246819e-05
-7.261309523988296029e-05
7.256195110415451202e-05
-7.251087760390550357e-05
7.245987459185312778e-05
-7.240894192108921000e-05
7.235807944544120677e-05
-7.230728701909220648e-05
7.225656449612433119e-05
-7.220591173153749368e-05
7.215532858079607890e-05
-7.210481489943670679e-05
7.205437054341604433e-05
-7.200399536921143302e-05
7.195368923387959845e-05
-7.190345199476857779e-05
7.185328350932757783e-05
-7.180318363531188917e-05
7.175315223138753224e-05
-7.170318915654380946e-05
7.165329426984636462e-05
-7.160346743082684519e-05
7.155370849955852534e-05
-7.150401733643034475e-05
7.145439380211645599e-05
-7.140483775770436374e-05
7.135534906471457592e-05
-7.130592758505967504e-05
7.125657318113226058e-05
-7.120728571535848810e-05
7.115806505075171701e-05
-7.110891105086022501e-05
7.105982357927953389e-05
-7.101080250023009957e-05
7.096184767822928674e-05
-7.091295897806061818e-05
7.086413626498973425e-05
-7.081537940464431753e-05
7.076668826300395554e-05
-7.071806270634504966e-05
7.066950260134164600e-05
-7.062100781510556439e-05
7.057257821503951610e-05
-7.052421366887175766e-05
7.047591404479897515e-05
-7.042767921121419010e-05
7.037950903701699042e-05
-7.033140339132636586e-05
7.028336214374213630e-05
-7.023538516423550150e-05
7.018747232292904298e-05
-7.013962349044795125e-05
7.009183853776390074e-05
-7.004411733612666375e-05
6.999645975719943241e-05
-6.994886567295923471e-05
6.990133495575744657e-05
-6.985386747827073166e-05
6.980646311336412019e-05
-6.975912173454875916e-05
6.971184321545690092e-05
-6.966462743005822863e-05
6.961747425272862182e-05
-6.957038355819093181e-05
6.952335522144580961e-05
-6.947638911785860476e-05
6.942948512320986200e-05
-6.938264311339070115e-05
6.933586296475663293e-05
-6.928914455409057409e-05
6.924248775832446499e-05
-6.919589245481511770e-05
6.914935852129000591e-05
-6.910288583565209501e-05
6.905647427622434316e-05
-6.901012372160722367e-05
6.896383405077111247e-05
-6.891760514302790923e-05
6.887143687796498225e-05
-6.882532913542172264e-05
6.877928179569519035e-05
-6.873329473927856394e-05
6.868736784706293774e-05
-6.864150100029212413e-05
6.859569408025800632e-05
-6.854994696879466347e-05
6.850425954814260148e-05
-6.845863170068252712e-05
6.841306330908580825e-05
