-2.005427887687247386e-04
2.009274508352721050e-04
-2.013135875376528632e-04
2.017012071796278226e-04
-2.020903185674978865e-04
2.024809300573027649e-04
-2.028730506531473468e-04
2.032666887988418178e-04
-2.036618536574255644e-04
2.040585538121523503e-04
-2.044567985327138792e-04
2.048565966032932489e-04
-2.052579573424592437e-04
2.056608897979587090e-04
-2.060654032830045790e-04
2.064715071626131845e-04
-2.068792107059209007e-04
2.072885236283452716e-04
-2.076994551407578644e-04
2.081120153127488876e-04
-2.085262133181120644e-04
2.089420595460718421e-04
-2.093595631922866968e-04
2.097787348947875849e-04
-2.101995839658256718e-04
2.106221211875209461e-04
-2.110463561124087384e-04
2.114722995422710979e-04
-2.118999614031123247e-04
2.123293523916172220e-04
-2.127604829316171028e-04
2.131933635106338966e-04
-2.136280051407061337e-04
2.140644180433449789e-04
-2.145026138516884342e-04
2.149426025304423992e-04
-2.153843962927014775e-04
2.158280049363056445e-04
-2.162734411300547201e-04
2.167207146762349657e-04
-2.171698384990795438e-04
2.176208226453022951e-04
-2.180736800373637117e-04
2.185284212468247271e-04
-2.189850589170109368e-04
2.194436044233359726e-04
-2.199040698778872364e-04
2.203664676875757844e-04
-2.208308092595147451e-04
2.212971081571177756e-04
-2.217653750351435539e-04
2.222356245904869314e-04
-2.227078668422782630e-04
2.231821174246603192e-04
-2.236583860149904586e-04
2.241366888148931143e-04
-2.246170356167709878e-04
2.250994426753591860e-04
-2.255839204726115552e-04
2.260704847223140267e-04
-2.265591472054447031e-04
2.270499225125987555e-04
-2.275428242711146449e-04
2.280378654864614147e-04
-2.285350620011599094e-04
2.290344250057312677e-04
-2.295359726462966785e-04
2.300397143920438099e-04
-2.305456704245797527e-04
2.310538489614384736e-04
-2.315642715714156586e-04
2.320769460630153682e-04
-2.325918943952145568e-04
2.331091251115679228e-04
-2.336286593291247104e-04
2.341505076281795352e-04
-2.346746889880108326e-04
2.352012172827753361e-04
-2.357301082177710289e-04
2.362613799402349065e-04
-2.367950441463029178e-04
2.373311237155028165e-04
-2.378696262240590268e-04
2.384105790357291844e-04
-2.389539862682241546e-04
2.394998787061353119e-04
-2.400482584972193196e-04
2.405991579852978903e-04
-2.411525795659503915e-04
2.417085546587317423e-04
-2.422670886076045468e-04
2.428282091140202621e-04
-2.433919272733262127e-04
2.439582644116999844e-04
-2.445272397882798068e-04
2.450988663466887956e-04
-2.456731730165164418e-04
2.462501635028345849e-04
-2.468298765388882978e-04
2.474123072943412542e-04
-2.479975027477935006e-04
2.485854519994244402e-04
-2.491762069494247609e-04
2.497697547893031620e-04
-2.503661474755413492e-04
2.509653757552127726e-04
-2.515674857937125067e-04
2.521724779463359344e-04
-2.527803866098168352e-04
2.533912274202416016e-04
-2.540050179570822915e-04
2.546217933177234304e-04
-2.552415512633625047e-04
2.558643479640590034e-04
-2.564901613940435347e-04
2.571190669987592314e-04
-2.577510266733824352e-04
2.583861295313622962e-04
-2.590243288877227797e-04
2.596657183131970787e-04
-2.603102532830798188e-04
2.609580199150441054e-04
-2.616089885703774473e-04
2.622632248925465268e-04
-2.629207269555913556e-04
2.635815279258624591e-04
-2.642456642101998908e-04
2.649131279152573551e-04
-2.655839997956183736e-04
2.662582280271795607e-04
-2.669359370467704095e-04
2.676170356856182476e-04
-2.683016834118518812e-04
2.689897625192795658e-04
-2.696814507363559221e-04
2.703766242818542533e-04
-2.710754555663146687e-04
2.717778407739466226e-04
-2.724839194417263272e-04
2.731936358009205094e-04
-2.739070691409883906e-04
2.746242372020720086e-04
-2.753451368467106945e-04
2.760698769827940450e-04
-2.767983602040766100e-04
2.775307915686991045e-04
-2.782669822615584901e-04
2.790072221835347612e-04
-2.797512513020197875e-04
2.804994153348589793e-04
-2.812514205939280068e-04
2.820076233597694276e-04
-2.827677481169960441e-04
2.835321049786537762e-04
-2.843004963315753659e-04
2.850731257709508909e-04
-2.858499320655156096e-04
2.866309585099489411e-04
-2.874163265936882650e-04
2.882058832799310583e-04
-2.889999559647173956e-04
2.897981873447635828e-04
-2.906011015967134960e-04
2.914081647626344160e-04
-2.922200511162022446e-04
2.930361157951712940e-04
-2.938570993792390660e-04
2.946823462027307037e-04
-2.955125495468765911e-04
2.963471665655121158e-04
-2.971867140788773650e-04
2.980308917831985200e-04
-2.988799154686850668e-04
2.997338409293216180e-04
-3.005924865684492936e-04
3.014563375889312783e-04
-3.023247703965094182e-04
3.031987107557559740e-04
-3.040771193876034640e-04
3.049612962974479718e-04
-3.058498941399122491e-04
3.067444388542464161e-04
-3.076434618188957559e-04
3.085484940029631167e-04
-3.094581944678879504e-04
3.103738303506652519e-04
-3.112944675746537370e-04
3.122208312220623068e-04
-3.131526592399559456e-04
3.140898955959996316e-04
-3.150331502563314019e-04
3.159814379961542745e-04
-3.169363253771140081e-04
3.178958872111324737e-04
-3.188625757590879189e-04
3.198336838173266011e-04
-3.208123025588116269e-04
3.217952767889363259e-04
-3.227859212177621958e-04
3.237811196851799887e-04
-3.247838659005907965e-04
3.257916670560487152e-04
-3.268065934041997620e-04
3.278273717702917880e-04
-3.288545856653061344e-04
3.298886841233582474e-04
-3.309283504037580656e-04
3.319760531686141453e-04
-3.330284191127174287e-04
3.340899308004064566e-04
-3.351553425082892668e-04
3.362307782628024271e-04
-3.373096837519886683e-04
3.383990745696340745e-04
-3.394920102430782445e-04
3.405953259723850583e-04
-3.417028852003572308e-04
3.428200745472717039e-04
-3.439428605766082061e-04
3.450739051530304306e-04
-3.462124730444411679e-04
3.473574480453603223e-04
-3.485122446578915343e-04
3.496713767002607946e-04
-3.508426887781235931e-04
3.520164001012821551e-04
-3.532043214752765494e-04
3.543932495827526244e-04
-3.555976782857299683e-04
3.568026621485032674e-04
-3.580233330010492180e-04
3.592453611415568791e-04
-3.604819180114850869e-04
3.617220393582671646e-04
-3.629741399954402193e-04
3.642333472369623220e-04
-3.655007894578871314e-04
3.667798891942091691e-04
-3.680627407502438594e-04
3.693622305664903032e-04
-3.706609391552366300e-04
3.719809177388042759e-04
-3.732963788966933835e-04
3.746365085121701119e-04
-3.759700662655475673e-04
3.773296126786483532e-04
-3.786829810060776723e-04
3.800609329448381268e-04
-3.814360371045633167e-04
3.828313033467370874e-04
-3.842300506961852046e-04
3.856417178432301057e-04
-3.870657231694646003e-04
3.884933349732614316e-04
-3.899436445295907400e-04
3.913874690024479741e-04
-3.928643268044888369e-04
3.943255398276229815e-04
-3.958282612589499451e-04
3.973090112623516609e-04
-3.988359932591046294e-04
4.003393090781677804e-04
-4.018882109301375447e-04
4.034177312831582589e-04
-4.049858382253859789e-04
4.065453751724723715e-04
-4.081300956115199328e-04
4.097230691866117556e-04
-4.113225501744019572e-04
4.129513808967495226e-04
-4.145650854377608014e-04
4.162306546018658946e-04
-4.178598439557861411e-04
4.195611046833142531e-04
-4.212091075667887810e-04
4.229429622172384945e-04
-4.246151192735569458e-04
4.263766684269609830e-04
-4.280799274324882751e-04
4.298630650808909809e-04
-4.316051359322427283e-04
4.334035725233994140e-04
-4.351918311224821172e-04
4.370002721453757305e-04
-4.388404963385321975e-04
4.406559465368717517e-04
-4.425510427476987306e-04
4.443739962457016256e-04
-4.463229710736021450e-04
4.481581706899072370e-04
-4.501556244186088757e-04
4.520123585470570702e-04
-4.540486527459336127e-04
4.559400036499733919e-04
-4.580023446604894900e-04
4.599438750266084466e-04
-4.620180046118828364e-04
4.640256554187765061e-04
-4.660982923723509612e-04
4.681856975593046209e-04
-4.702474013378901935e-04
4.724230807179781184e-04
-4.744708208115216725e-04
4.767355738541407964e-04
-4.787751832741593268e-04
4.811206775857961482e-04
-4.831673204664803422e-04
4.855758932749424306e-04
-4.876538195079787859e-04
4.900996486793193774e-04
-4.922400002348004773e-04
4.946922550334852424e-04
-4.969289619736420166e-04
4.993567554960498967e-04
-5.017214243033510292e-04
5.040993460045087218e-04
-5.066142918822463034e-04
5.089291479955789866e-04
-5.116028333699894435e-04
5.138576132278646971e-04
-5.166800636614056214e-04
5.188979317826414306e-04
-5.218383806721480465e-04
5.240632069880555612e-04
-5.270715031238102418e-04
5.293640365747382965e-04
-5.323761192241445407e-04
5.348082471231623263e-04
-5.377554851893566858e-04
5.403960254321041844e-04
-5.432172058433526983e-04
5.461236579191790187e-04
-5.487758623402700904e-04
5.519802160754731443e-04
-5.544527014122186542e-04
5.579495217340121882e-04
-5.602734254379791376e-04
5.640135199091298899e-04
-5.662635697739333389e-04
5.701522576033353495e-04
-5.724473985860253130e-04
5.763588006142841922e-04
-5.788396738411533864e-04
5.826274535936928293e-04
-5.854486197512270319e-04
5.889668650620103179e-04
-5.922671998746359932e-04
5.954012608503265417e-04
-5.992734945039376827e-04
6.019695583888473632e-04
-6.064372128868661567e-04
6.087217636149707366e-04
-6.137071237929620036e-04
6.157058976600247912e-04
-6.210560691883385822e-04
6.229736831646561120e-04
-6.284418771639341348e-04
6.305693426656129932e-04
-6.358437879355372142e-04
6.385130363946290135e-04
-6.432680603149693900e-04
6.467941689523042017e-04
-6.507490049836937417e-04
6.553863491984640794e-04
-6.583740510205190631e-04
6.642019650362922028e-04
-6.661988253860172448e-04
6.731849508504130115e-04
-6.743442263551953364e-04
6.822241985080851247e-04
-6.829302929288929430e-04
6.912272008489117082e-04
-6.920522536959477881e-04
7.001363484106576038e-04
-7.017561356240547329e-04
7.089112096219064244e-04
-7.120547683142997106e-04
7.177001650067798763e-04
-7.228852277815910488e-04
7.264837404001530698e-04
-7.341643732609701330e-04
7.354746636946666747e-04
-7.456873779332587760e-04
7.449132539126646991e-04
-7.572375976740836328e-04
7.550425477483524656e-04
-7.686337128764835500e-04
7.660753822474823237e-04
-7.795874516562305246e-04
7.780370787002579853e-04
-7.903288966215305748e-04
7.911687460435315022e-04
-8.005699027173007569e-04
8.053944469923603015e-04
-8.105729409011684650e-04
8.204404881792825600e-04
-8.207009551425288162e-04
8.359385963223757475e-04
-8.313941886507196684e-04
8.515666449593834245e-04
-8.433553242771026255e-04
8.665827892084525686e-04
-8.562006577724191013e-04
8.811214054597678747e-04
-8.712415149865780422e-04
8.943497958859362692e-04
-8.885361295751042186e-04
9.063832152058875873e-04
-9.078916724556288041e-04
9.175629316422243258e-04
-9.288531380845752332e-04
9.283163276785117053e-04
-9.509323760662049055e-04
9.407948611508019313e-04
-9.735605777286360316e-04
9.527466854030814877e-04
-9.955817621652113085e-04
9.679863046529605178e-04
-1.015454898392045488e-03
9.870553842143249892e-04
-1.032742963597139702e-03
1.010240957531051550e-03
-1.047378781677410151e-03
1.037378458560705725e-03
-1.058670182598659771e-03
1.066530930585495810e-03
-1.072017401655317925e-03
1.102254710549740785e-03
-1.080890695728946391e-03
1.137923432879666893e-03
-1.093100593261041049e-03
1.171516893744464338e-03
-1.110353843573119682e-03
1.201574018111651676e-03
-1.134230167953745923e-03
1.227232955864233661e-03
-1.166898514064739325e-03
1.244794019624478497e-03
-1.196704655410889013e-03
1.260881127910660950e-03
-1.250909591124435994e-03
1.266309691990040540e-03
-1.307945031220478487e-03
1.272117033133250393e-03
-1.365804457042033536e-03
1.281767450311814376e-03
-1.421748574153711359e-03
1.298985333066580723e-03
-1.473974183695547563e-03
1.337557496258979725e-03
-1.524031895304894368e-03
1.348356119451839903e-03
-1.547383106240077114e-03
1.419521737312255715e-03
-1.555415700110057047e-03
1.502132704928208894e-03
-1.556138811607142049e-03
1.593945914641458315e-03
-1.553445656086885210e-03
1.690455866951022686e-03
-1.550399506022094283e-03
1.780065851871424042e-03
-1.596168697616610985e-03
1.948008934078317503e-03
-1.563989311491432478e-03
1.994806786918663921e-03
-1.635934553937411478e-03
2.028391681099969441e-03
-1.736607576373572822e-03
2.043989810744615068e-03
-1.862685295104152044e-03
2.041282387682761493e-03
-2.007287045351226207e-03
2.010451346750698372e-03
-2.070553226621235816e-03
2.011677399566186471e-03
-2.549740772767292857e-03
1.957224247437741333e-03
-2.680666965025619262e-03
2.011056580962461079e-03
-2.805549034959733089e-03
2.114812834223986100e-03
-2.910694539828541805e-03
2.271097356862593428e-03
-2.995961627455182540e-03
2.492304152193327259e-03
-3.091092985504572191e-03
2.264834336714224069e-03
-2.700787855456204638e-03
3.296775599769516223e-03
-2.755384639108573834e-03
3.659767207872437547e-03
-2.825704559002613792e-03
4.019757664780546254e-03
-2.954822968724606785e-03
4.393296790731924042e-03
-3.178496823610336020e-03
4.826974891018499803e-03
-3.643571607098495570e-03
6.143849709294798081e-03
-2.923943019944978856e-03
4.291243794446078508e-03
-4.445758990368541691e-03
4.680940204837558127e-03
-5.260690692374619601e-03
4.998328419199067618e-03
-6.106700439055491245e-03
5.405982736123355128e-03
-7.057754070150572268e-03
5.974685234864225702e-03
-8.173085640196284946e-03
6.785736986678070522e-03
9.848923260353072973e-01
8.183894049622915737e-03
-1.089341113738996440e-02
1.038888425830405450e-02
-1.296848805907592841e-02
1.362839439387390078e-02
-1.645862916855016927e-02
1.899987672453005288e-02
-2.326924112893187513e-02
3.010164345722924836e-02
-4.132923423268813207e-02
6.947570560158111697e-02
-1.986550541961757677e-01
-2.849895778744617747e-01
8.928852401134773978e-03
-9.521651156895775958e-02
-1.950357786193833431e-02
-6.567378763109327222e-02
-2.116810080542905204e-02
-4.960834238006036484e-02
-1.926856191850666311e-02
-3.818448341469175833e-02
-1.766587180311315897e-02
-2.775931101538699208e-02
-2.184236216346754217e-02
1.012769417545867356e-01
5.124510497867849207e-02
1.718854740170102507e-02
4.382083339784451081e-02
2.128147725838919896e-02
4.139440156439495866e-02
2.167497655094745290e-02
3.919421187303874510e-02
2.028582183095179597e-02
3.735831995906985920e-02
1.707105567702490306e-02
3.814451782407815572e-02
9.878736025886478232e-04
-2.030795901567664444e-02
-2.596552606264380947e-03
-6.886888348173496842e-03
-1.182809285913007449e-02
-1.004024222037474753e-02
-1.663269821909982987e-02
-1.285025090241163556e-02
-1.968776634520692792e-02
-1.469232853821456422e-02
-2.170411006554179983e-02
-1.533385223348783521e-02
-2.393427827121504675e-02
-1.475565599649845050e-03
-6.800376398931029173e-03
-3.874149095843690965e-03
-4.146850332479913061e-03
8.661753573483430349e-04
-3.911110442631105140e-04
4.748074279238645792e-03
3.105438168393699454e-03
7.978121425914161055e-03
6.165996465531774565e-03
1.051836208184487968e-02
8.913823296331066862e-03
1.148113848998731992e-02
2.989546561911827875e-03
8.856170202574165790e-03
3.611049147252256251e-03
6.649949327652136810e-03
1.822515820775965668e-03
4.371522902596134200e-03
-2.874076127263452962e-04
1.990306002704624565e-03
-2.473845571916981779e-03
-3.942256087305797243e-04
-4.553176845350963634e-03
-2.815884753610605178e-03
-4.977328552680049777e-03
-1.740375704462772139e-03
-5.532736789738374426e-03
-2.013468893249829167e-03
-5.089371005438630968e-03
-1.583218376456949983e-03
-4.292066898584339513e-03
-7.440889056591161238e-04
-3.190379495806129791e-03
3.851394099049803470e-04
-1.876485036078371195e-03
1.714875537011505613e-03
-4.980607878396691932e-04
2.095673938291749139e-03
-4.723719897182916775e-05
2.831641115267224777e-03
3.850007096886333066e-04
3.080881213282551934e-03
5.362880533266980911e-04
3.033378726230140029e-03
4.013778616588823366e-04
2.713692349264527643e-03
3.774338808561643590e-06
2.161438588899441265e-03
-6.344979873832804233e-04
1.568582862225629225e-03
-9.411234592001423019e-04
1.053978452127325282e-03
-1.403189412696501971e-03
6.421777800375311641e-04
-1.726491145421628218e-03
3.503433431173723269e-04
-1.903862392409905006e-03
2.118753473544492268e-04
-1.918504868653238445e-03
2.402295020888739561e-04
-1.764956259923603724e-03
4.333949187679288478e-04
-1.577009810064668215e-03
5.895120310455705635e-04
-1.304462453187998569e-03
8.140240047626397159e-04
-1.043201712826068899e-03
1.028193863797824664e-03
-8.110613742040513911e-04
1.198435072414075903e-03
-6.379715217032166322e-04
1.297758210694355176e-03
-5.464777680110122823e-04
1.304931401881838414e-03
-5.376650863663219680e-04
1.281803668853846636e-03
-5.686909027734262777e-04
1.188597593693485437e-03
-6.438568622595525464e-04
1.067640753122782362e-03
-7.426030897524422318e-04
9.358774331409864004e-04
-8.432935203302337115e-04
8.137270850255987412e-04
-9.254709275451315905e-04
7.204193874515455939e-04
-9.706603288302451853e-04
6.578725653534846143e-04
-9.962420300506120031e-04
6.293840293912974235e-04
-9.848235831764868241e-04
6.302008676286067947e-04
-9.465194341658556606e-04
6.551387977300899808e-04
-8.894507642585437832e-04
6.945572832740348149e-04
-8.242334546597735422e-04
7.370852532320595158e-04
-7.629125663080361941e-04
7.719140130444000422e-04
-7.078488927290427788e-04
7.989785632335412880e-04
-6.680317080779532872e-04
8.109522967196256329e-04
-6.436891193078238434e-04
8.073242403298131224e-04
-6.348716956448010543e-04
7.897714380688525531e-04
-6.388091277335282382e-04
7.621798929514609104e-04
-6.506770747667277527e-04
7.302743323351468642e-04
-6.657526846043380951e-04
6.960074475189350013e-04
-6.806605121984258492e-04
6.651172078212915428e-04
-6.916877145752653531e-04
6.399193198864288386e-04
-6.964112230357791603e-04
6.220751172444179871e-04
-6.939113849621066435e-04
6.117661620389461957e-04
-6.847276527224548538e-04
6.077027222202079039e-04
-6.706970087480453036e-04
6.085033602426289517e-04
-6.528636716354248477e-04
6.119317515142041856e-04
-6.338352157498305635e-04
6.160161330409797548e-04
-6.155299023574394967e-04
6.188691673002994550e-04
-5.995328014214039089e-04
6.191807104618442942e-04
-5.867920887713036103e-04
6.163676841374853129e-04
-5.774572778768287222e-04
6.105087488217459876e-04
-5.715309359284782712e-04
6.018565695762383930e-04
-5.682011052712985719e-04
5.912819929876943822e-04
-5.666033036351298931e-04
5.797736749409325777e-04
-5.657156419838185908e-04
5.683127429295319836e-04
-5.646147575129508702e-04
5.577026824079098916e-04
-5.626375828501439628e-04
5.484258698467760510e-04
-5.593636879786768532e-04
5.408553822734593316e-04
-5.546380581224082378e-04
5.349332929987379252e-04
-5.485761045830886634e-04
5.304334413548623473e-04
-5.415043115825554903e-04
5.269574010457948703e-04
-5.338606209223538315e-04
5.240403530984053633e-04
-5.260985096132231656e-04
5.212549938534785394e-04
-5.186021936995031121e-04
5.182148308402952401e-04
-5.117118612661521269e-04
5.146741472066135564e-04
-5.055995996090593666e-04
5.105072435785547834e-04
-5.003126777304500380e-04
5.057262485623391845e-04
-4.957773672946330559e-04
5.004480674172756636e-04
-4.918342489844703238e-04
4.948519008323331355e-04
-4.882873049095187582e-04
4.891422952137047461e-04
-4.849119778450723629e-04
4.835266935562011498e-04
-4.815217363925126687e-04
4.781700587674488990e-04
-4.779717299812697622e-04
4.731809003230532176e-04
-4.741805402140062764e-04
4.686043346900356293e-04
-4.701293479781367139e-04
4.644274085792245480e-04
-4.658500502565383178e-04
4.605947619174807555e-04
-4.614151680350221619e-04
4.570137344538378454e-04
-4.569183025217832912e-04
4.535845053141102567e-04
-4.524567878769895674e-04
4.502110538874250700e-04
-4.481148266264037739e-04
4.468163551348463885e-04
-4.439532545251981960e-04
4.433500571921938677e-04
-4.400050008413697658e-04
4.397894505024535386e-04
-4.362757137191289021e-04
4.361404591825947881e-04
-4.327446854846912425e-04
4.324292925460356441e-04
-4.293747113642967317e-04
4.286961205237923385e-04
-4.261195539524565822e-04
4.249855894342672484e-04
-4.229325027837951704e-04
4.213392094223581026e-04
-4.197731777717989845e-04
4.177898938771632681e-04
-4.166115891101901001e-04
4.143582980555733652e-04
-4.134318436451001966e-04
4.110513124776552472e-04
-4.102308266995803002e-04
4.078635152140041176e-04
-4.070167861441272884e-04
4.047800125472814483e-04
-4.038056889019426806e-04
4.017801965183610108e-04
-4.006172940354494477e-04
3.988416240441646898e-04
-3.974715724621825192e-04
3.959433183862866822e-04
-3.943853313955957246e-04
3.930689122679998553e-04
-3.913701976652911871e-04
3.902078293966135085e-04
-3.884315598301267634e-04
3.873558251701986438e-04
-3.855687875812725297e-04
3.845143154745643034e-04
-3.827762587420486021e-04
3.816890210874314946e-04
-3.800449111098442093e-04
3.788883146842351806e-04
-3.773640274890615784e-04
3.761212506479412443e-04
-3.747230998542380883e-04
3.733960512232558488e-04
-3.721131873131968337e-04
3.707188464798765598e-04
-3.695278687304141851e-04
3.680930333263612029e-04
-3.669636327013687713e-04
3.655191410911423720e-04
-3.644197747126260226e-04
3.629951246661290536e-04
-3.618979341175208777e-04
3.605170182816805086e-04
-3.594012785870226694e-04
3.580797692761227002e-04
-3.569336897963903423e-04
3.556780835743279107e-04
-3.544989384579915132e-04
3.533071560039482821e-04
-3.521000472697102205e-04
3.509632022208632445e-04
-3.497388777022752710e-04
3.486437510008366485e-04
-3.474159512859906337e-04
3.463477011351601261e-04
-3.451305248733432178e-04
3.440751399962144923e-04
-3.428808304312789147e-04
3.418270411866783137e-04
-3.406644382301028304e-04
3.396048741763492244e-04
-3.384786502278623512e-04
3.374102152218640496e-04
-3.363208671978757704e-04
3.352444127937191328e-04
-3.341888814154429311e-04
3.331083419003694353e-04
-3.320810619088925301e-04
3.310022841969030441e-04
-3.299964180004726034e-04
3.289259119140979307e-04
-3.279345611692352069e-04
3.268783728387736993e-04
-3.258955845100045077e-04
3.248584379671807772e-04
-3.238798937493931858e-04
3.228646812430080405e-04
-3.218880228557773212e-04
3.208956605132753915e-04
-3.199204625077882664e-04
3.189500695205000616e-04
-3.179775303925421099e-04
3.170268446157218549e-04
-3.160592890635212111e-04
3.151252175506046764e-04
-3.141655194703320232e-04
3.132447167224517446e-04
-3.122957421211090085e-04
3.113851253758184658e-04
-3.104492748019106870e-04
3.095464102614023318e-04
-3.086253126733887880e-04
3.077286362713327729e-04
-3.068230130997085057e-04
3.059318836787530650e-04
-3.050415731234045109e-04
3.041561783487795175e-04
-3.032802881739024483e-04
3.024014439023055322e-04
-3.015385872068112368e-04
3.006674787046071089e-04
-2.998160429391030692e-04
2.989539567905852052e-04
-2.981123597971163707e-04
2.972604487119445910e-04
-2.964273453859343570e-04
2.955864549355286192e-04
-2.947608727828315519e-04
2.939314452248468872e-04
-2.931128407072139093e-04
2.922948965672297634e-04
-2.914831379235907757e-04
2.906763244497805390e-04
-2.898716163928358918e-04
2.890753039051527991e-04
-2.882780756481510397e-04
2.874914788339035876e-04
-2.867022588357979627e-04
2.859245603808083886e-04
-2.851438587051585379e-04
2.843743164343384743e-04
-2.836025310818922622e-04
2.828405554179651152e-04
-2.820779123394696409e-04
2.813231077310267259e-04
-2.805696375879310634e-04
2.798218080126454294e-04
-2.790773567053320180e-04
2.783364807331534393e-04
-2.776007461165870506e-04
2.768669306778792335e-04
-2.761395153586384751e-04
2.754129388142888398e-04
-2.746934082856964917e-04
2.739742632320475582e-04
-2.732621997041264185e-04
2.725506440839109727e-04
-2.718456886977531741e-04
2.711418110733519521e-04
-2.704436902105544402e-04
2.697474919013228200e-04
-2.690560264444634745e-04
2.683674202024549584e-04
-2.676825193709632725e-04
2.670013418834957979e-04
-2.663229852602816612e-04
2.656490191552601321e-04
-2.649772316744545306e-04
2.643102320623720537e-04
-2.636450569275784967e-04
2.629847776958105969e-04
-2.623262516418086365e-04
2.616724676001173835e-04
-2.610206017845417858e-04
2.603731240720694000e-04
-2.597278924478894219e-04
2.590865760792217666e-04
-2.584479116704776905e-04
2.578126554658473476e-04
-2.571804537005181008e-04
2.565511939468079856e-04
-2.559253213005198814e-04
2.553020211876342238e-04
-2.546823269028820414e-04
2.540649640566539774e-04
-2.534512926317624868e-04
2.528398469392221333e-04
-2.522320493790746344e-04
2.516264928649158917e-04
-2.510244352232491238e-04
2.504247251328352471e-04
-2.498282935335007361e-04
2.492343690811159632e-04
-2.486434710897832828e-04
2.480552537079714704e-04
-2.474698164773289416e-04
2.468872129146988887e-04
-2.463071789498450393e-04
2.457300862343614963e-04
-2.451554078267201417e-04
2.445837190294888755e-04
-2.440143524150994883e-04
2.434479621996388829e-04
-2.428838623690008605e-04
2.423226715306338091e-04
-2.417637883396162252e-04
2.412077068267326247e-04
-2.406539827592265516e-04
2.401029309919093914e-04
-2.395543006170873794e-04
2.390082091939092377e-04
-2.384646000896671115e-04
2.379234082142258689e-04
-2.373847429619851089e-04
2.368483960392288431e-04
-2.363145947948366214e-04
2.357830417041852328e-04
-2.352540248568215514e-04
2.347272153582414438e-04
-2.342029058585830281e-04
2.336807884977950233e-04
-2.331611135624825099e-04
2.326436342926271720e-04
-2.321285263355382612e-04
2.316156279339304496e-04
-2.311050247169951647e-04
2.305966469406561694e-04
-2.300904910564331067e-04
2.295865713775675407e-04
-2.290848092560205708e-04
2.285852839650581269e-04
-2.280878646306487350e-04
2.275926700693814766e-04
-2.270995438786269516e-04
2.266086175975121357e-04
-2.261197351442819237e-04
2.256330168167690732e-04
-2.251483281372084247e-04
2.246657601368796876e-04
-2.241852142763586016e-04
2.237067418849051823e-04
-2.232302868259377997e-04
2.227558581046981559e-04
-2.222834409998860629e-04
2.218130063993613591e-04
-2.213445740177038938e-04
2.208780858272686406e-04
-2.204135851067301889e-04
2.199509968525816884e-04
-2.194903754553317562e-04
2.190316413424837428e-04
-2.185748481261060461e-04
2.181199225998250589e-04
-2.176669079462337805e-04
2.172157454108312449e-04
-2.167664613873694092e-04
2.163190160989363390e-04
-2.158734164521786212e-04
2.154296425657429106e-04
-2.149876825797865907e-04
2.145475343135703214e-04
-2.141091705714957632e-04
2.136726024438547681e-04
-2.132377925461211704e-04
2.128047596308630719e-04
-2.123734619166753410e-04
2.119439200765259540e-04
-2.115160933871531798e-04
2.110899994501299411e-04
-2.106656029610627146e-04
2.102429148217584642e-04
-2.098219079533098495e-04
2.094025845963060138e-04
-2.089849270017272011e-04
2.085689284530434641e-04
-2.081545800693252824e-04
2.077418672967515628e-04
-2.073307884374475272e-04
2.069213232192784020e-04
-2.065134746873397754e-04
2.061072194748720841e-04
-2.057025626721568771e-04
2.052994804644136303e-04
-2.048979774804896437e-04
2.044980317270747225e-04
-2.040996453968063227e-04
2.037027999358923696e-04
-2.033074938600732350e-04
2.029137128936625459e-04
-2.025214514244510914e-04
2.021306995267149189e-04
-2.017414477250936992e-04
2.013536898725422114e-04
-2.009674134491104536e-04
2.005826150676031706e-04
-2.001992803114144596e-04
1.998174073234534778e-04
-1.994369810392025309e-04
1.990579999052078557e-04
-1.986804493545893879e-04
1.983043271033527633e-04
-1.979296199678125560e-04
1.975563242064492749e-04
-1.971844285620593361e-04
1.968139274751689867e-04
-1.964448117900574218e-04
1.960770741182908910e-04
-1.957107072534784741e-04
1.953457022652592173e-04
-1.949820534959595723e-04
1.946197509524214095e-04
-1.942587899821649660e-04
1.938991601029703047e-04
-1.935408570836607916e-04
1.931838705138604962e-04
-1.928281960568887458e-04
1.924738238413475162e-04
-1.921207490237286989e-04
1.917689625917720631e-04
-1.914184589536300943e-04
1.910692301071688706e-04
-1.907212696425437319e-04
1.903745705551978856e-04
-1.900291256962128575e-04
1.896849289151137968e-04
-1.893419725144110312e-04
1.890002509650789183e-04
-1.886597562752868992e-04
1.883204832675393890e-04
-1.879824239223677805e-04
1.876455731535977265e-04
-1.873099231525086244e-04
1.869754687089764480e-04
-1.866422024036211999e-04
1.863101187579324939e-04
-1.859792108439231747e-04
1.856494728487317111e-04
-1.853208983599669501e-04
1.849934812395417016e-04
-1.846672155459378275e-04
1.843420948849511514e-04
-1.840181136915674848e-04
1.836952654232159535e-04
-1.833735447700359606e-04
1.830529451645386031e-04
-1.827334614260808570e-04
1.824150870799941021e-04
-1.820978169636910482e-04
1.817816447904846227e-04
-1.814665653338020702e-04
1.811525725567611337e-04
-1.808396611223150093e-04
1.805278252688081943e-04
-1.802170595385373889e-04
1.799073584360399742e-04
-1.795987164039421343e-04
1.792911281770477399e-04
-1.789845881414039931e-04
1.786790912090916589e-04
-1.783746317649656694e-04
1.780712048385456716e-04
-1.777688048697436578e-04
1.774674269501227172e-04
-1.771670656230104365e-04
1.768677159970292838e-04
-1.765693727542217047e-04
1.762720309910727678e-04
-1.759756855465639965e-04
1.756803314929630691e-04
-1.753859638277686700e-04
1.750925776025053589e-04
-1.748001679610136617e-04
1.745087299500523107e-04
-1.742182588368803328e-04
1.739287496870050805e-04
-1.736401978638820961e-04
1.733525984776376901e-04
-1.730659469603290505e-04
1.727802384907405390e-04
-1.724954685457330225e-04
1.722116323914345693e-04
-1.719287255323352040e-04
1.716467433332731518e-04
-1.713656813169362012e-04
1.710855349503403382e-04
-1.708062997728280520e-04
1.705279713497012098e-04
-1.702505452418166126e-04
1.699740171036435705e-04
-1.696983825268525608e-04
1.694236372426656794e-04
-1.691497768845248674e-04
1.688767972471593359e-04
-1.686046940177065722e-04
1.683334630414112061e-04
-1.680631000683845209e-04
1.677936009852057581e-04
-1.675249616112713547e-04
1.672571778678398158e-04
-1.669902456463234308e-04
1.667241609003698895e-04
-1.664589195923516732e-04
1.661945177089731184e-04
-1.659309512804573795e-04
1.656682163294756819e-04
-1.654063089478257048e-04
1.651452251992229631e-04
-1.648849612308094285e-04
1.646255131517512923e-04
-1.643668771584287820e-04
1.641090494105656018e-04
-1.638520261479123157e-04
1.635958035836734478e-04
-1.633403779967106920e-04
1.630857456556075594e-04
-1.628319028765431423e-04
1.625788459836543598e-04
-1.623265713298598502e-04
1.620750752925620842e-04
-1.618243542617876579e-04
1.615744046661064998e-04
-1.613252229344321227e-04
1.610768055432891511e-04
-1.608291489629719772e-04
1.605822497143760642e-04
-1.603361043103371871e-04
1.600907093127163579e-04
-1.598460612793864053e-04
1.596021568113175737e-04
-1.593589925115269186e-04
1.591165650178574787e-04
-1.588748709782495760e-04
1.586339070674565842e-04
-1.583936699780460772e-04
1.581541564205206103e-04
-1.579153631305358762e-04
1.576772868555140618e-04
-1.574399243725818913e-04
1.572032724660546747e-04
-1.569673279526281515e-04
1.567320876546447490e-04
-1.564975484265117398e-04
1.562637071291412302e-04
-1.560305606534357682e-04
1.557981058984640580e-04
-1.555663397901819339e-04
1.553352592665206765e-04
-1.551048612878265249e-04
1.548751428296352010e-04
-1.546461008863176203e-04
1.544177324711130147e-04
-1.541900346118451411e-04
1.539630043578508480e-04
-1.537366387707867464e-04
1.535109349351845951e-04
-1.532858899466099157e-04
1.530615009238814122e-04
-1.528377649963195604e-04
1.526146793157257952e-04
-1.523922410452952696e-04
1.521704473692894830e-04
-1.519492954842744368e-04
1.517287826062812205e-04
-1.515089059651885165e-04
1.512896628079272304e-04
-1.510710503974213342e-04
1.508530660112488223e-04
-1.506357069441937875e-04
1.504189705046517494e-04
-1.502028540188112861e-04
1.499873548253849204e-04
-1.497724702811750340e-04
1.495581977552762592e-04
-1.493445346344749142e-04
1.491314783178159572e-04
-1.489190262213381587e-04
1.487071757739842192e-04
-1.484959244207436550e-04
1.482852696197663536e-04
-1.480752088445109744e-04
1.478657395822319991e-04
-1.476568593343898579e-04
1.474485656166128202e-04
-1.472408559577493474e-04
1.470337279021087865e-04
-1.468271790059305843e-04
1.466212068405989743e-04
-1.464158089899237161e-04
1.462109830521133701e-04
-1.460067266380775191e-04
1.458030373726585836e-04
-1.455999128926613122e-04
1.453973508494986141e-04
-1.451953489068079947e-04
1.449939047412702911e-04
-1.447930160422195489e-04
1.445926805120417648e-04
-1.443928958657093842e-04
1.441936598303725030e-04
-1.439949701462975968e-04
1.437968245657498981e-04
-1.435992208533950392e-04
1.434021567858851580e-04
-1.432056301527553704e-04
1.430096387544816663e-04
-1.428141804044937848e-04
1.426192529276357017e-04
-1.424248541608265860e-04
1.422309819522848636e-04
-1.420376341623949285e-04
1.418448086628956175e-04
-1.416525033369698465e-04
1.414607160792039531e-04
-1.412694447957629578e-04
1.410786874038623406e-04
-1.408884418319103699e-04
1.406987060196749067e-04
-1.405094779175606213e-04
1.403207554873422394e-04
-1.401325367013746465e-04
1.399448195431483247e-04
-1.397576020066040284e-04
1.395708820965737835e-04
-1.393846578283523027e-04
1.391989272279195986e-04
-1.390136883315636280e-04
1.388289391860811936e-04
-1.386446778485504521e-04
1.384609023863838772e-04
-1.382776108770663974e-04
1.380948014083409575e-04
-1.379124720779289299e-04
1.377306209935847585e-04
-1.375492462729562318e-04
1.373683460435581372e-04
-1.371879184428218359e-04
1.370079616176964933e-04
-1.368284737249541466e-04
1.366494529310548840e-04
-1.364708974117330052e-04
1.362928053523979044e-04
-1.361151749479183148e-04
1.359380044023990710e-04
-1.357612919293789216e-04
1.355850357515118554e-04
-1.354092341006717538e-04
1.352338852179255026e-04
-1.350589873532911066e-04
1.348845387659816891e-04
-1.347105377239482299e-04
1.345369825040488361e-04
-1.343638713920923544e-04
1.341912026825704644e-04
-1.340189746788357592e-04
1.338471856926717505e-04
-1.336758340446484871e-04
1.335049180638677672e-04
-1.333344360878818235e-04
1.331643864626943802e-04
-1.329947675428100925e-04
1.328255776908917761e-04
-1.326568152780391828e-04
1.324884786834333551e-04
-1.323205662946969605e-04
1.321530765073498329e-04
-1.319860077251323893e-04
1.318193583596831073e-04
-1.316531268305869075e-04
1.314873115655317936e-04
-1.313219109999903681e-04
1.311569235773988879e-04
-1.309923477488791942e-04
1.308281819731187991e-04
-1.306644247165817633e-04
1.305010744534374368e-04
-1.303381296654636127e-04
1.301755888419401123e-04
-1.300134504797916023e-04
1.298517130830957188e-04
-1.296903751635634233e-04
1.295294352399719651e-04
-1.293688918387687816e-04
1.292087434935687540e-04
-1.290489887450731632e-04
1.288896261413794461e-04
-1.287306542374467926e-04
1.285720715955082508e-04
-1.284138767847324016e-04
1.282560683813846339e-04
-1.280986449685552809e-04
1.279416051364442230e-04
-1.277849474820263575e-04
1.276286706091823531e-04
-1.274727731284415857e-04
1.273172536572402870e-04
-1.271621108195217448e-04
1.270073432460831937e-04
-1.268529495743912837e-04
1.266989284483243652e-04
-1.265452785183763466e-04
1.263919984416303477e-04
-1.262390868814773767e-04
1.260865425079010413e-04
-1.259343639970933351e-04
1.257825500318342704e-04
-1.256310993009354389e-04
1.254800104998387081e-04
-1.253292823299252050e-04
1.251789134989589715e-04
-1.250289027209113240e-04
1.248792487156008167e-04
-1.247299502091646253e-04
1.245810059338434150e-04
-1.244324146276374579e-04
1.242841750348520143e-04
-1.241362859056250267e-04
1.239887459959784029e-04
-1.238415540677783341e-04
1.236947088884260263e-04
-1.235482092319780062e-04
1.234020538774970499e-04
-1.232562416100427640e-04
1.231107712205337025e-04
-1.229656415052804278e-04
1.228208512666222898e-04
-1.226763993120511464e-04
1.225322844550635198e-04
-1.223885055142882742e-04
1.222450613138364333e-04
-1.221019506840790149e-04
1.219591724602951655e-04
-1.218167254828718437e-04
1.216746085979322100e-04
-1.215328206566202568e-04
1.213913605161865284e-04
-1.212502270382431247e-04
1.211094190901514664e-04
-1.209689355445640706e-04
1.208287752792491131e-04
-1.206889371773560719e-04
1.205494201264250913e-04
-1.204102230195297312e-04
1.202713447553334131e-04
-1.201327842372660096e-04
1.199945403732033270e-04
-1.198566120767520336e-04
1.197189982658235956e-04
-1.195816978636375297e-04
1.194447097985758895e-04
-1.193080330037579062e-04
1.191716664166368684e-04
-1.190356089800769250e-04
1.188998596414351583e-04
-1.187644173532835957e-04
1.186292810720788115e-04
-1.184944497601502866e-04
1.183599223836653608e-04
-1.182256979135594237e-04
1.180917753256892621e-04
-1.179581536003599003e-04
1.178248317223092045e-04
-1.176918086812957372e-04
1.175590834712678112e-04
-1.174266550906739371e-04
1.172945225422128337e-04
-1.171626848336241092e-04
1.170311409777449383e-04
-1.168998899883318040e-04
1.167689308881420733e-04
-1.166382627019913083e-04
1.165078844590668725e-04
-1.163777951929873314e-04
1.162479939418245974e-04
-1.161184797478560674e-04
1.159892516573862178e-04
-1.158603087213712943e-04
1.157316499946349324e-04
-1.156032745363216115e-04
1.154751814093468558e-04
-1.153473696818088385e-04
1.152198384239743270e-04
-1.150925867123385183e-04
1.149656136261726551e-04
-1.148389182491412483e-04
1.147124996687526853e-04
-1.145863569769584950e-04
1.144604892690178905e-04
-1.143348956447800548e-04
1.142095752075840821e-04
-1.140845270650061422e-04
1.139597503279749343e-04
-1.138352441118716234e-04
1.137110075358801190e-04
-1.135870397222502645e-04
1.134633397979537933e-04
-1.133399068932883512e-04
1.132167401423438249e-04
-1.130938386827957476e-04
1.129712016567596905e-04
-1.128488282089923551e-04
1.127267174888591558e-04
-1.126048686487071714e-04
1.124832808450911882e-04
-1.123619532377222673e-04
1.122408849902292889e-04
-1.121200752697570652e-04
1.119995232468078979e-04
-1.118792280954375342e-04
1.117591889936672450e-04
-1.116394051224313221e-04
1.115198756664776433e-04
-1.114005998141080609e-04
1.112815767566266369e-04
-1.111628056893951955e-04
1.110442858106830795e-04
-1.109260163224567205e-04
1.108079964299847045e-04
-1.106902253417758235e-04
1.105727022698992676e-04
-1.104554264296529265e-04
1.103383970395277876e-04
-1.102216133214714100e-04
1.101050745004485522e-04
-1.099887798050497886e-04
1.098727284667193679e-04
-1.097569197202523335e-04
1.096413528038862331e-04
-1.095260269586114310e-04
1.094109414289502427e-04
-1.092960954623636188e-04
1.091814883097349837e-04
-1.090671192246882727e-04
1.089529874644042681e-04
-1.088390922887819286e-04
1.087254329611472131e-04
-1.086120087472708753e-04
1.084988189168260375e-04
-1.083858627417742207e-04
1.082731394972944784e-04
-1.081606484617165013e-04
1.080483889160053097e-04
-1.079363601445359295e-04
1.078245614340757737e-04
-1.077129920747503950e-04
1.076016513594919800e-04
-1.074905385840197922e-04
1.073796530472282491e-04
-1.072689940507958367e-04
1.071585608991361443e-04
-1.070483528997144513e-04
1.069383693626014159e-04
-1.068286096010383912e-04
1.067190729307748828e-04
-1.066097586703965475e-04
1.065006661413526638e-04
-1.063917946676972651e-04
1.062831435760814831e-04
-1.061747121961958474e-04
1.060664998601666291e-04
-1.059585059030703082e-04
1.058507296622887854e-04
-1.057431704783186300e-04
1.056358276939833396e-04
-1.055287006549973151e-04
1.054217887095297400e-04
-1.053150912087497175e-04
1.052086075059746704e-04
-1.051023369575067215e-04
1.049962789220759696e-04
-1.048904327610263216e-04
1.047847978382185515e-04
-1.046793735199342125e-04
1.045741591752617490e-04
-1.044691541755094551e-04
1.043643578945595209e-04
-1.042597697089129726e-04
1.041553889973611321e-04
-1.040512151412477501e-04
1.039472475242936365e-04
-1.038434855329226932e-04
1.037399285556902823e-04
-1.036365759837881120e-04
1.035334272107727116e-04
-1.034304816325646318e-04
1.033277386476112107e-04
-1.032251976564748481e-04
1.031228580624726711e-04
-1.030207192707782862e-04
1.029187806892896829e-04
-1.028170417278773672e-04
1.027155017991972279e-04
-1.026141603177074368e-04
1.025130167005276245e-04
-1.024120703666790038e-04
1.023113207378981176e-04
-1.022107672376922142e-04
1.021104092923494935e-04
-1.020102463300658362e-04
1.019102777813692416e-04
-1.018105030789202945e-04
1.017109216576592362e-04
-1.016115329549341996e-04
1.015123364097495715e-04
-1.014133314637554362e-04
1.013145175605870385e-04
-1.012158941460183882e-04
1.011174606678993899e-04
-1.010192165764105764e-04
1.009211613236578336e-04
-1.008232943638795378e-04
1.007256151534273512e-04
-1.006281231508775295e-04
1.005308178166448098e-04
-1.004336986135126670e-04
1.003367650061188734e-04
-1.002400164614397306e-04
1.001434524477181189e-04
-1.000470724363492360e-04
9.995087589978376421e-05
-9.985486231320851920e-05
9.975903115336687841e-05
-9.966338189882437018e-05
9.956791403089935283e-05
-9.947262703187143831e-05
9.937752038678861330e-05
-9.928259358239217142e-05
9.918784610714402161e-05
-9.909327745169496855e-05
9.899888710867575984e-05
-9.890467457247238507e-05
9.881063933965642280e-05
-9.871678090793905647e-05
9.862309877817804107e-05
-9.852959245202158275e-05
9.843626143321894948e-05
-9.834310522788351208e-05
9.825012334361543490e-05
-9.815731528977801189e-05
9.806468057739468089e-05
-9.797221872005450866e-05
9.787992923263925623e-05
-9.778781163161605924e-05
9.769586543550105992e-05
-9.760409016578463809e-05
9.751248534330657098e-05
-9.742105049208895891e-05
9.732978513855820185e-05
-9.723868880966038495e-05
9.714776103506288663e-05
-9.705700134568422750e-05
9.696640927375307808e-05
-9.687598435426398994e-05
9.678572612329815628e-05
-9.669563411868683524e-05
9.660570787964808796e-05
-9.651594694759060605e-05
9.642635086615377292e-05
-9.633691917924135464e-05
9.624765143334497236e-05
-9.615854717673268538e-05
9.606960595881827009e-05
-9.598082733078863423e-05
9.589221084626555966e-05
-9.580375605910679130e-05
9.571546252603677237e-05
-9.562732980474751522e-05
9.553935745451207001e-05
-9.545154503682424466e-05
9.536389211412735071e-05
-9.527639825011456794e-05
9.518906301175905876e-05
-9.510188596595132873e-05
9.501486668123191714e-05
-9.492800472901664031e-05
9.484129968073768606e-05
-9.475475111047055416e-05
9.466835859327427842e-05
-9.458212170574840840e-05
9.449604002654074129e-05
-9.441011313508405021e-05
9.432434061314959686e-05
-9.423872204341629630e-05
9.415325700965936821e-05
-9.406794509855167098e-05
9.398278589670689266e-05
-9.389777899340576378e-05
9.381292397868901351e-05
-9.372822044431734930e-05
9.364366798346389592e-05
-9.355926619081936300e-05
9.347501466255226841e-05
-9.339091299599129408e-05
9.330696079027872114e-05
-9.322315764586429723e-05
9.313950316457274162e-05
-9.305599694955193392e-05
9.297263860564243727e-05
-9.288942773875465131e-05
9.280636395634660652e-05
-9.272344686738574608e-05
9.264067608198373949e-05
-9.255805121181121702e-05
9.247557186997740967e-05
-9.239323767066917766e-05
9.231104822970937450e-05
-9.222900316405044331e-05
9.214710209225194007e-05
-9.206534463395914085e-05
9.198373041045029277e-05
-9.190225904414492841e-05
9.182093015860980176e-05
-9.173974337909151610e-05
9.165869833206468276e-05
-9.157779464504225346e-05
9.149703194719195707e-05
-9.141640986872078445e-05
9.133592804125451341e-05
-9.125558609766887133e-05
9.117538367221686120e-05
-9.109532040020798679e-05
9.101539591832764507e-05
-9.093560986461556419e-05
9.085596187830463676e-05
-9.077645159991866073e-05
9.069707867113982274e-05
-9.061784273494129607e-05
9.053874343548201880e-05
-9.045978041826620709e-05
9.038095332999018447e-05
-9.030226181846328932e-05
9.022370553290589494e-05
-9.014528412350190510e-05
9.006699724173454502e-05
-8.998884454026445634e-05
8.991082567313382536e-05
-8.983294029547088367e-05
8.975518806348687241e-05
-8.967756863469877806e-05
8.960008166758191340e-05
-8.952272682202400849e-05
8.944550375895664969e-05
-8.936841214069677622e-05
8.929145163036068247e-05
-8.921462189248255533e-05
8.913792259251704223e-05
-8.906135339712640208e-05
8.898491397426190174e-05
-8.890860399283100665e-05
8.883242312294425361e-05
-8.875637103597066712e-05
8.868044740407763748e-05
-8.860465190072000442e-05
8.852898420050615814e-05
-8.845344397901737051e-05
8.837803091311599319e-05
-8.830274468050596263e-05
8.822758496030375455e-05
-8.815255143242025314e-05
8.807764377782762745e-05
-8.800286167887061937e-05
8.792820481866283277e-05
-8.785367288157909678e-05
8.777926555293390502e-05
-8.770498251915950934e-05
8.763082346774502831e-05
-8.755678808709352226e-05
8.748287606688965982e-05
-8.740908709769508011e-05
8.733542087109496328e-05
-8.726187707972855086e-05
8.718845541729828012e-05
-8.711515557849345626e-05
8.704197725904023412e-05
-8.696892015567735915e-05
8.689598396616097858e-05
-8.682316838917256553e-05
8.675047312449277084e-05
-8.667789787288615881e-05
8.660544233604673963e-05
-8.653310621671602538e-05
8.646088921854700338e-05
-8.638879104627333948e-05
8.631681140553292410e-05
-8.624495000296244183e-05
8.617320654612798249e-05
-8.610158074366549945e-05
8.603007230491340070e-05
-8.595868094051405063e-05
8.588740636178191054e-05
-8.581624828118085868e-05
8.574520641204202661e-05
-8.567428046853323826e-05
8.560347016586246046e-05
-8.553277522008287696e-05
8.546219534837097272e-05
-8.539173026870811728e-05
8.532137969994722966e-05
-8.525114336183297161e-05
8.518102097518129149e-05
-8.511101226163459788e-05
8.504111694367349605e-05
-8.497133474482027916e-05
8.490166538934284623e-05
-8.483210860246368206e-05
8.476266411036008765e-05
-8.469333164007202301e-05
8.462411091949366393e-05
-8.455500167732211926e-05
8.448600364330842362e-05
-8.441711654795714575e-05
8.434834012257552986e-05
-8.427967409954416681e-05
8.421111821207819849e-05
-8.414267219400589669e-05
8.407433578026441453e-05
-8.400610870639281351e-05
8.393799070912235738e-05
-8.386998152580020451e-05
8.380208089459125918e-05
-8.373428855465633316e-05
8.366660424580097256e-05
-8.359902770878677300e-05
8.353155868530919405e-05
-8.346419691759393794e-05
8.339694214917235736e-05
-8.332979412393367300e-05
8.326275258634230196e-05
-8.319581728248522405e-05
8.312898795897536558e-05
-8.306226436271331882e-05
8.299564624178370608e-05
-8.292913334530005757e-05
8.286272542291041516e-05
-8.279642222520382689e-05
8.273022350305042020e-05
-8.266412900880452757e-05
8.259813849507556711e-05
-8.253225171564110350e-05
8.246646842495070344e-05
-8.240078837800218759e-05
8.233521133083564723e-05
-8.226973704019186645e-05
8.220436526339955146e-05
-8.213909575876305496e-05
8.207392828536337072e-05
-8.200886260295785852e-05
8.194389847213987932e-05
-8.187903565382633354e-05
8.181427391029384667e-05
-8.174961300422278754e-05
8.168505269900397554e-05
-8.162059275912099746e-05
8.155623294932065723e-05
-8.149197303526097653e-05
8.142781278348185353e-05
-8.136375196117733976e-05
8.129979033617224849e-05
-8.123592767696592937e-05
8.117216375309692627e-05
-8.110849833452702848e-05
8.104493119181453980e-05
-8.098146209679976529e-05
8.091809082149837976e-05
-8.085481713861758925e-05
8.079164082187567251e-05
-8.072856164536243732e-05
8.066557938433384573e-05
-8.060269381449669816e-05
8.053990471207458002e-05
-8.047721185400148660e-05
8.041461501812511106e-05
-8.035211398263050959e-05
8.028970852698842598e-05
-8.022739843114125909e-05
8.016518347524136351e-05
-8.010306344008935185e-05
8.004103810799626591e-05
-7.997910726142353985e-05
7.991727068309734290e-05
-7.985552815711313744e-05
7.979387946806967250e-05
-7.973232440075468707e-05
7.967086274099672715e-05
-7.960949427532776910e-05
7.954821879079210191e-05
-7.948703607529741897e-05
7.942594591718788637e-05
-7.936494810538750151e-05
7.930404242932100056e-05
-7.924322867931066292e-05
7.918250664643349467e-05
-7.912187612238856288e-05
7.906133689915419800e-05
-7.900088876978180602e-05
7.894053152774624165e-05
-7.888026496665131190e-05
7.882008888124980702e-05
-7.876000306730869354e-05
7.870000732052675519e-05
-7.864010143755969259e-05
7.858028521549019225e-05
-7.852055845201241714e-05
7.846092094554595639e-05
-7.840137249502385013e-05
7.834191290005394596e-05
-7.828254196080423096e-05
7.822325947807330486e-05
-7.816406525341893928e-05
7.810495908874047022e-05
-7.804594078641662719e-05
7.798701014971221751e-05
-7.792816698219727847e-05
7.786941108844499192e-05
-7.781074227334615671e-05
7.775216034224910499e-05
-7.769366510149592155e-05
7.763525635759042703e-05
-7.757693391757640184e-05
7.751869758928393048e-05
-7.746054718113035554e-05
7.740248250221807278e-05
-7.734450336195149601e-05
7.728660957043016169e-05
-7.722880093823327092e-05
7.717107727631101165e-05
-7.711343839672585483e-05
7.705588411160857617e-05
-7.699841423390517653e-05
7.694102857703987125e-05
-7.688372695488248276e-05
7.682650918203740758e-05
-7.676937507342908513e-05
7.671232444462022467e-05
-7.665535711188641195e-05
7.659847289174122862e-05
-7.654167160153337664e-05
7.648495305896782677e-05
-7.642831708227575376e-05
7.637176349039058367e-05
-7.631529210242813245e-05
7.625890273836692928e-05
-7.620259521866880000e-05
7.614636936417271021e-05
-7.609022499639748799e-05
7.603416193727670943e-05
-7.597818000918356751e-05
7.592227903521916142e-05
-7.586645883876392150e-05
7.581071924401994069e-05
-7.575506007539975560e-05
7.569948115795056766e-05
-7.564398231729401573e-05
7.558856337934467655e-05
-7.553322417078224831e-05
7.547796451863518995e-05
-7.542278425044175228e-05
7.536768319428764043e-05
-7.531266117861837913e-05
7.525771803262349974e-05
-7.520285358583916663e-05
7.514806766819407953e-05
-7.509336011021585148e-05
7.503873074297240766e-05
-7.498417939788042043e-05
7.492970590695680359e-05
-7.487531010269234859e-05
7.482099181809201622e-05
-7.476675088635614049e-05
7.471258714145207424e-05
-7.465850041786539185e-05
7.460449055029914510e-05
-7.455055737417491364e-05
7.449670072529035979e-05
-7.444292043978854552e-05
7.438921635435913338e-05
-7.433558830632958135e-05
7.428203613335526440e-05
-7.422855967347051324e-05
7.417515876508294940e-05
-7.412183324751591155e-05
7.406858296015052636e-05
-7.401540774281858265e-05
7.396230743607462555e-05
-7.390928188068194974e-05
7.385633091793819896e-05
-7.380345438950484808e-05
7.375065213770763553e-05
-7.369792400519770950e-05
7.364526983499147231e-05
-7.359268947063394260e-05
7.354018275611230379e-05
-7.348774953573294195e-05
7.343538965434305674e-05
-7.338310295739960314e-05
7.333088929067987721e-05
-7.327874849989955165e-05
7.322668043177249704e-05
-7.317468493389257659e-05
7.312276185314175287e-05
-7.307091103717105367e-05
7.301913233485925734e-05
-7.296742559490615400e-05
7.291579066555736147e-05
-7.286422739703433407e-05
7.281273563978710303e-05
-7.276131524353540811e-05
7.270996605904508155e-05
-7.265868793784112747e-05
7.260748073199657356e-05
-7.255634429337748685e-05
7.250527847373026556e-05
-7.245428312569615419e-05
7.240335810354041010e-05
-7.235250326114041732e-05
7.230171845197216115e-05
-7.225100353056463113e-05
7.220035835210355873e-05
-7.214978277184794036e-05
7.209927664526340782e-05
-7.204883982847133195e-05
7.199847217810741553e-05
-7.194817355117436378e-05
7.189794380508355838e-05
-7.184778279695180328e-05
7.179769038507326467e-05
-7.174766642835574007e-05
7.169771078512363136e-05
-7.164782331493517605e-05
7.159800387744948310e-05
-7.154825233239931945e-05
7.149856854039374492e-05
-7.144895236226357930e-05
7.139940365913661894e-05
-7.134992229242012683e-05
7.130050812407373985e-05
-7.125116101657554685e-05
7.120188083250018484e-05
-7.115266743480981181e-05
7.110352068708649189e-05
-7.105444045291594841e-05
7.100542659660571227e-05
-7.095647898261472322e-05
7.090759747598190141e-05
-7.085878194209839715e-05
7.081003224620304392e-05
-7.076134825450362668e-05
7.071272983344390698e-05
-7.066417684961965153e-05
7.061568917023192354e-05
-7.056726666273074617e-05
7.051890919493356512e-05
-7.047061663495698459e-05
7.042238885107861279e-05
-7.037422571261731216e-05
7.032612708859656780e-05
-7.027809284842082634e-05
7.023012286223024691e-05
-7.018221700031039372e-05
7.013437513325637067e-05
-7.008659713206367753e-05
7.003888286819407523e-05
-6.999123221296230687e-05
6.994364503851648756e-05
-6.989612121750097174e-05
6.984866062232920588e-05
-6.980126312614622899e-05
6.975392860244870039e-05
-6.970665692468814949e-05
6.965944796699455874e-05
-6.961230160377302693e-05
6.956521770981090183e-05
-6.951819616026792760e-05
6.947123683043187909e-05
-6.942433959592010152e-05
6.937750433297953630e-05
-6.933073091790203793e-05
6.928401922745805485e-05
-6.923736913878639318e-05
6.919078052878196777e-05
-6.914425327546875450e-05
6.909778725719899857e-05
-6.905138235201388757e-05
6.900503843844496663e-05
-6.895875539553906152e-05
6.891253310263605785e-05
-6.886637143931788937e-05
6.882027028571620743e-05
-6.877422952207802251e-05
6.872824902878573480e-05
-6.868232868685958067e-05
6.863646837722858795e-05
-6.859066798158542874e-05
6.854492738206590210e-05
-6.849924646046401237e-05
6.845362509929150572e-05
-6.840806318132848193e-05
